X1R.9.1	X1R.9.3	X1R.9.2	X1R.9.4	X1R.6.2	X1R.6.4	X1R.6.1	X1R.6.3	X2R.9.2	X2R.9.4	X2R.9.1	X2R.9.3	X2R.6.1	X2R.6.4	X2R.6.2	X2R.6.3	X3R.9.3	X3R.9.4	X3R.9.1	X3R.9.2	X3R.6.3	X3R.6.1	X3R.6.4	X3R.6.2
Root935	0.193928129809329	0.607782409558821	0.415817150130797	0.618264110308863	0.641016066485446	0.872308132593462	0	1	0	0.080180947804811	0.0137661360168784	0.074869684082207	0.574678335643222	0.537800087841311	1	0.700930857789326	0.0724150385941339	0.170271433408306	0	0.123844024877497	1	0.519486522731206	0.596713800169902	0.387424810952995
Root773	1	0.75319005349801	0.671181618580822	0.825776549925643	0.633047014882991	0.406677803885053	0.557998470244195	0	0.298130240395524	1	0.169957658243954	0.443863683889793	0.295688371745854	0.101001522983211	0	0.0372467825093483	0.945551548822006	0.0668036920607172	0.269618694588208	0.393507652479332	0	0.204690927901429	0.160949272518879	1
Root569	0.684986935044923	0.412861961266504	0.255333937839586	1	0.278504059672166	0	0.258256054141796	0.36865037170615	0.790734180893006	1	0.87535574566594	0.739608611930741	0.0855394574177824	0	0.307790281762007	0.56398859333496	0.907813800058963	0.636818119293499	1	0.999595837144546	0	0.527504493119605	0.444782004094139	0.537574865000756
Root690	0.189834290233468	0.0939176896688347	0.264767765076112	0	0.349453344133801	0.429194161274917	1	0.572539128199674	0.391200475054245	0	0.1639653348454	0.520297877837694	0.866862819264401	1	0.398814876110862	0.0998496993837143	0.227218407636617	0.396077384149788	0.111290216470597	0	1	0.834424255572017	0.489732376353123	0.949128907389338
Root83	0.412033807688322	0	1	0.808846437459674	0.466240015594483	0.218264141654628	0.594955378848971	0.229992834017941	0.292295372418484	0	0.568019802258048	1	0.378821318507539	0.118585362341933	0.619619301304713	0.333770321564903	0.613501230084191	1	0.441580546550364	0.529685867152179	0.216194979048453	0.186107061492121	0.331908952846644	0
Root9	0.908221699098594	0.476295437381415	0.216958625084359	0.795077388279516	1	0	0.609080279681241	0.607521136636078	0.884919540692193	1	0.963686619996604	0.90840655062193	0.0376329277165013	0	0.163989649819782	0.0379533905523017	0.690963984532181	0.476041253752462	1	0.449002112379988	0	0.0287386811149509	0.120900568470714	0.0597092928764436
Root217	0.791639113503157	1	0.93976462886481	0.590546723902071	0.0755358513887846	0	0.30609116109226	0.0829226777991908	0.798002215269155	0.903311349621368	1	0.718307023126852	0.195242850948474	0.189533077975267	0	0.0644186897721694	0.158714647865477	1	0.333242974806129	0.707733681066135	0.64982259436982	0.25091737656096	0	0.629869488434735
Root401	0.631319458313373	0.70111369670513	0.618940003916051	1	0.00704348953617085	0.342653634033057	0.333550229254047	0	0.322824822973378	0.775087265020157	0.985616029292611	1	0.372755315775803	0.280133423647834	0	0.510296899847928	1	0.186219178793702	0.387711421400843	0.759832335083267	0.507505616933989	0	0.0834664680351129	0.457347174854278
Root480	0.632364719428015	0	1	0.420628605530137	0.258883089422106	0.338169891800865	0.383335519047615	0.120369528010934	0.927652484935147	0.803569242848701	0.872351509105866	0.551726002300499	1	0.386360392277665	0	0.222424254127124	0.735701211790952	0.476230003978505	0.500943897604649	1	0	0.107035035170716	0.0569466879998707	0.247009835652545
Root241	1	0.301302410398881	0.699169302791205	0.122651483960621	0.515149751611664	0.433273578638757	0.771092777407105	0	0.970504763976882	0.870812354609933	0.688357596075603	1	0.308429039689818	0.440659537307849	0	0.32993792824966	1	0.611544346457736	0.95926655031829	0.747962349524114	0	0.358596669901221	0.297056914653892	0.349660874546249
Root61	1	0.209009212682982	0.340156262832845	0	0.00728307189095616	0.684258644321894	0.88005461101789	0.0278717667752954	0.817969108679732	1	0.53435114229022	0.937950517875634	0.216035802092586	0.512182341816885	0	0.558719617175149	0.334643708111231	0.402820250235981	0.330999553210159	1	0	0.209928954120529	0.321580703317233	0.130279227945404
Root491	1	0.453017564719452	0.301057189651371	0.0528943173977849	0.645127329625261	0.526789319588392	0.93194084904693	0	0.574271785571359	0.356333526592953	0.523850973550392	0	0.576947793196277	1	0.198494431690292	0.158298822740946	0.475188839550177	0.823577738069719	0.69638388941367	1	0	0.489480941372535	0.700971824925112	0.96515693195027
Root562	0.436806514709046	0.117860550952141	0.484063043810438	0.40555844854839	0	1	0.00551144575907246	0.00101652063358586	1	0.583923093134424	0.968737062258422	0.89914608718185	0.258975741344635	0.468294683092668	0	0.304421560743943	1	0.484671037790321	0.806246399175049	0.636756967630413	0	0.0475342754794629	0.414750757643264	0.535080188122229
Root772	1	0.312489743461043	0.425293729080459	0.242310848676926	0.125115106357185	0.548953163468015	0.356651604210685	0	0.457824272791708	0.769200686518323	1	0.690317567752367	0.0846143767019574	0.364228995967226	0	0.222093582662115	0.646925024080662	0.329926610510783	1	0.546362043313038	0	0.301419545980073	0.399695587886596	0.188292772537569
Root559	0	0.398140742058024	0.247459326339544	0.174779255717103	0.385804487413218	0.0482763678309311	1	0.0899076835711095	0	0.0788192035657578	1	0.181944893512943	0.807995757648311	0.732261488944123	0.271985331321976	0.798744490372026	0.654218492710252	1	0	0.56187039142218	0.678215868701582	0.805211486075126	0.168654431835747	0.331309535691008
Root227	0.915126098614872	0	0.741291585572979	0.404681548781957	0.860534753469688	0.513777726679398	1	0.324705763685164	0.716911891130523	1	0.753584598857454	0.976079627268489	0.114002453847019	0.305821575011799	0	0.307609450743061	0.8682335678432	0.785653639370223	0.823599471164205	1	0	0.472139668932338	0.485790621529387	0.462107284397261
Root135	0.459979508887192	0.58232828188294	0.53970585260969	1	0.267516262193377	0	0.220475061529549	0.238691495351361	0.833488287940748	1	0.551456852291108	0.302934490686523	0.200398071939041	0	0.220077725279988	0.108948420336693	0	0.272697409977271	1	0.195677104099429	0.153029743131522	0.217940369742738	0.352793723379669	0.674707583999435
Root564	0.69936201130553	0.457481560453548	0.953794532379353	0.302481293795133	1	0.412737122574129	0.526612921888484	0	1	0.420394328808742	0	0.541563401767499	0.0982162546876211	0.322687602003713	0.510682736994311	0.196951593658924	0.150724402803675	1	0.733256338618266	0.0709162516670722	0	0.209392175157839	0.300913763131007	0.08030360926164
Root123D2	0.116640775010463	0.174141181216108	0.30362236553642	0.51680291177592	0.707731802884634	0	1	0.205832896677753	0.358170811871414	0.831983943719603	1	0.877797881098302	0.0791957260818344	0.362643462915269	0.0746235807334555	0	0.613292684605158	0.150189654243905	0.194195945443044	0.43056453968075	0	0.446318805357433	1	0.646825944594457
Root170	0.746687312551495	0.937908220317592	1	0	0.861178626838286	0.856690593965683	0.72878642898509	0.688839831467171	0.263272946077253	0	0.141686213543719	0.436264771582092	0.563768471483373	0.778169505380317	0.449114058631153	1	0.457858591909394	0	1	0.59336113132541	0.336206822278155	0.672840515662577	0.721867021229045	0.517695918374102
Root172	0.215662136098092	0.210228408508264	0.262615856921226	0	0.148590924728143	0.0116961284396374	1	0.184810509869979	0.920042787335002	0.232215054918971	0.724547655811916	1	0.483363538020636	0.213236802967854	0.0745450342062171	0	0.358784498676776	0.361155011039262	0.226597847017034	0	0.295116533247121	0.945492004522414	0.552617412914906	1
Root1257	1	0	0.00657275877773699	0.512696578815022	0.111422949994934	0.553649300932351	0.814800626179211	0.102141893606974	0.162877636281883	0.411741468465725	0.284131628858732	0.57336063367686	0.117106556520826	0.894229011515508	0	1	1	0.557879199933485	0.0910815648960446	0.21709662227559	0.330092227329028	0.379671076735995	0.147953588098409	0
Root329	0.76935879760994	0.393461586340959	0.950723748104922	1	0.551122357317991	0.991109378881239	0.272689261853221	0	0.700076838156391	0.625001110993534	0.812459685453959	1	0.543524847081818	0.584174027212337	0	0.513388961034646	0.561925981689462	0.457161555439541	1	0.527733595470263	0	0.0831256586292173	0.185891941551646	0.119351881285703
Root179	0.374086632273805	0.407947620450436	1	0.813792308621539	0	0.555775077003892	0.152521342535657	0.138514428533816	0.588442921551658	1	0.190512849848848	0.596936589000112	0	0.221603140886265	0.192735989964378	0.0710587632013264	0.731059188178992	0.756528107858938	0.628484397768361	1	0.169984750155233	0.263619453391557	0	0.338942210938377
Root154	0.377285590862336	1	0.441670436482738	0.168526288966279	0.405190570261699	0.551281751065959	0.868179718179173	0	0.783744794111244	0.346751985131252	0.360923833601637	1	0.300824870456481	0.327874328209556	0.162327305053632	0	1	0.265483957878613	0.168733880060293	0.360552294960471	0	0.462529731306919	0.536406575524356	0.587226781214215
Root68	0.910905930596754	1	0.590624036227486	0.830715545971378	0.21079296914768	0.266850092644706	0	0.437982197967218	1	0.326322264391683	0.258532122491179	0.625004257117544	0.095507623121548	0.0770340164892921	0.0334872642734523	0	0.760941070813281	0.76463898641687	0.835453969228124	1	0	0.439279719722823	0.242238582604893	0.166800422874712
Root685	0.542054582243788	0.0868393240016822	0.332297806141914	0.38337791286246	1	0.497073814213689	0.232051317276369	0	0.734718890073009	0.229315213601693	0.625613479623831	1	0.313173442147374	0.168707205266925	0	0.0118444122294098	0.911985990582091	0.685366262278718	1	0.904428951360987	0.168070292198774	0.801153176336021	0.0897575721277981	0
Root240	0.37773677345465	0.483280880334989	0.767632695399075	0.280708976570304	0.200745348244015	0.0976132099440811	1	0	0.0182682263322381	0.80517405291735	0.162367435442807	0	1	0.0421886107867274	0.60542143085455	0.977773827583891	0.514472660401512	0.738609596290247	0.243239032282403	1	0.084883178372914	0	0.451043253241968	0.107608269740274
Root472D3	0.432411654418109	0.284753113560222	0.76433407061696	0.0331535556979721	0.307212955139721	1	0.1678604089279	0	0.386496900817269	0.154626226468276	0.519398115507466	0.171995425061839	0	1	0.172891527940507	0.103111627795106	0.0425212179847372	0.109974420796793	0.0309503814700675	0	1	0.756560836106287	0.724738027775229	0.945595786059032
Root630	0.551158784528173	1	0.398509410332536	0	0.406355844124084	0.593138760880696	0.959819927394506	0.174703514601399	0.783962573129722	0.392437304169886	1	0.999641722708127	0.394205589884646	0.303021406433802	0.430126016068694	0	0.221395435017937	0.47352368610223	0.126487364713015	1	0.142914476797228	0.32849928026227	0.211731217766337	0
Root105	0.565096543146329	0.430406156013764	0.628858080925487	1	0.298277709045041	0.245582026513522	0.606696393695296	0	1	0.955000082995183	0.967593868634176	0.672220771332758	0.997053072902691	0.316504824444591	0	0.440633975000471	0.733788053050129	0.674727626208101	1	0.612193993377546	0	0.558874319738685	0.467020114902875	0.469021449325445
Root565	0.0711385467949588	0.296777447482439	1	0.246428905506766	0	0.356824464364026	0.42899463369713	0.0219876738745167	0.763921967771673	0	0.599565515999916	0.751335810074666	0.572387914241493	0.420851588097134	1	0.973008234977607	0.899995344986094	0.762270959869923	1	0.82056580932579	0	0.425205459400208	0.554372546771633	0.355282569656201
Root1277	0.444918136927531	0	0.794612535313996	0.05261447572377	0.463632136223978	0.0355935715956195	1	0.219024438410847	1	0.928160107881287	0.0896142839679149	0.152568017386042	0.502855798108907	0.678567865345185	0	0.0434877831430463	1	0.230775643325403	0.8359568230122	0.835512827388482	0	0.440824854166271	0.616813961059581	0.744281798302014
Root411	0.735547242434731	0.453040316248737	0.57945765409376	0.0380279565634384	0	0.405197232424371	1	0.308638617258795	0.845164793936642	0.433203199955179	0.779566493576793	0.596477856949005	1	0.658637710510885	0	0.699708074281024	0.449351751512266	0	0.346487183292316	0.331766966355118	0.583757626966179	0.846424504511344	0.892902095936952	1
Root708	0.464913466738778	1	0.271025459131394	0	0.567596566523605	0.316912442396313	0.212371070347724	0.418003890104547	0.309981547498322	0.479595290727343	1	0.421778483633765	0.285688836220624	0	0.0337160664532872	0.123592282141035	0.792073684566616	0.168699704931782	1	0.757366269287344	0	0.0786952607853551	0.279068311321196	0.374612672767408
Root1240	0	0.0153776274117552	0.0931997250766829	0.0811192067975018	0.376689836482203	1	0.354703412679302	0.162642175124052	0.797225064110502	0.0567594494493923	0	0.868564315783294	0.337936471420332	1	0.734020495718646	0.971174105200644	0	0.557369056470411	0.518465831511751	0.888147733849041	0.315355678670917	1	0.923036610520234	0.931837443842567
Root137	0.462546443355204	0.70740146713298	0.528712217304377	0	0.511083405409786	0.387652303545279	1	0.710469425474085	1	0.353692591580814	0.581051175163636	0.253921520861029	0.201821187935916	0.519483029010121	0.231434649489045	0	0.762599018048413	0.654442256642904	0.25545250463704	1	0	0.756782237261616	0.477467033443448	0.114149441859971
Root189	0.478686065670708	0.694104370639785	1	0	0.115148499081268	0.0489911136525164	0.623091801223666	0.225923300977341	1	0.0447052202888309	0.112620494730869	0.100772975255421	0.126247484806961	0.0301804005781946	0	0.0208418656777261	0	1	0.22914845688804	0.232662231162554	0.282721264908878	0.510582928196818	0.689588961848993	0.262618387229679
Root554	0.372629674531072	0.376435525816748	0.128239894114068	0.0689051313112022	0	0.0513486387433334	1	0.664006638700661	1	0.231383670421532	0.749150091941909	0.584604923008887	0.640062880912081	0.444022839787562	0	0.197884351768298	0.464618077198784	0.535468923833968	0.11020188773456	0	0.0632057706235176	1	0.54970527747494	0.794126275820101
Root278	0.0467486130391792	0	0.0837183994206407	0.105664537162752	0.674279344956746	0.118434893567595	1	0.255256274961869	0.110451649749775	0	0.614059454640186	1	0.528723417259518	0.0304372063553781	0.0679108569315176	0.335191372680098	0.00268930741675605	0.449173344751524	0	1	0.00307304003704014	0.557124411028045	0.568583894190501	0.322839448627679
Root149	0.244585001958194	0.194058694116185	0.299346748501493	0.190893953492883	0.913459926361627	1	0.765016721501726	0	0.0834932556052907	0.222153682336875	0.232598679845766	0.642437063542189	0.373189532236367	0.537779881817307	0	1	0.37478917334152	0	0.136077979571613	1	0.398595292049974	0.638059362368755	0.66639258706278	0.862448301517845
Root764	0.286184845505502	0.230564781034334	1	0	0.62267334105517	0.237347139800551	0.66832066220187	0.31242051034129	0.761659060792819	1	0.789849233730461	0.337518423425642	0.379633481118416	0.78571202728096	0	0.0803018582422227	0.324371246651311	0.956334667017485	1	0.453907801359698	0	0.405368790784994	0.49594830377351	0.290753295088052
Root1212	0.483217219386241	0.481727095411242	0	0.261307957029403	0.438247255469628	0.884169780327759	1	0.15924419601598	0.910542147407125	0.741836509379593	0.924141029490515	0.623771513609249	0.514593988645974	1	0	0.572951943245912	0.432290313298371	0.102866106902891	1	0.54351475554884	0	0.0420203963154353	0.116632162278962	0.42712570086169
Root265	0.480951027675988	0.889822317757797	0.561869441021482	0.219562216349557	1	0.512239028679791	0.404774369916991	0	0	0.769873906950111	0.0904470466515965	0.248338796957385	0.855016972881114	0.359458639071869	0.842571419938456	1	0	0.0660821572946335	0.27730003602764	0.21098139867919	0.403738300886547	0.592196285602141	0.764882338877559	1
Root318D1	0.567810263949907	0.418974118521073	0.233291888421151	0.329531708656187	0	0.475894513750267	1	0.259396032976489	0.257025358203005	0.410530990052918	0.259925968928802	1	0.00617035226974554	0.366422786599235	0	0.117206833676202	0.248688268485214	0	0.289726498731759	0.453036587301499	0.711462357937538	1	0.414026210525865	0.928463637580795
Root70	0	0	0.425396074722157	0.680151228733459	0.296962693958402	0.331612903225806	1	0.87478725990761	1	0.846157959049203	0.296252862604844	0.527980210643637	0.568996658280158	0.0935130176689438	0	0.496123595115482	1	0.546775984650443	0.00660276946969547	0.84546694038143	0.998722754574797	0.725247261080803	0	0.0144915037929987
Root604	0.223343146680201	0.0671025444684289	0	1	0.216286200069168	0.1785556589031	0.428841223004805	0.0702950006777503	0.0334863866327247	0.242985836250476	0.159375036216339	0.0173302086219271	0.524048311821457	0.287639654882269	0	1	0	0.177559798076966	0.141445863462835	0.375967222878921	1	0.767684818167045	0.797717781825247	0.366775156235541
Root670	0.134500805291803	0.202562639434647	0.32961942604814	0	0.40859538155256	0.40568219560038	1	0.46253668303647	0	0.859874013943954	0.956245069519099	0.674983198149792	0.707520084067769	0.483393184806316	1	0.443681557313062	0.559172290762348	0.435585200362852	0.331511994611982	0	0.342457093746155	0.881237712240471	0.928733481483413	1
Root1203	0.384349319422397	0.822899281215785	0.381698829351357	0.54373437615211	0	1	0.539546926087947	0.498092336438653	0.465206456585962	0.666186870428222	1	0.697506894980808	0.736744795368063	0.594959828579873	0	0.344965432981206	0.705881789069519	0	0.410897740219544	0.498516670266572	0.0162068610733822	0.403900289024113	0.575765324588948	1
Root280D1	1	0.5298195151241	0.761124288725123	0.406854350126145	0.0858688547664017	0.20965675833219	0.654182097845458	0	1	0.705207663658486	0.847874048422553	0.673743225010721	0	0.595483998996046	0.349130389801356	0.10450964660832	0.545382499939623	1	0.427173395861718	0.441312430126875	0.0873210709874783	0.154738874929946	0.44690200130291	0
Root1280	1	0.0217714760287159	0.320785755325724	0.23418619722927	0.341134274400257	0.141450530640618	0.734838682134151	0	1	0.339704299816726	0.164198044021041	0.278803849163025	0.0739722907046475	0	0.13410899546304	0.0156833703660742	0.410776831551065	0.706751237918826	1	0.789666237809959	0	0.0997101129872048	0.298601176493456	0.222760365965179
Root22	0.609151649417225	0.876459477073645	0.883665277260096	1	0	0.578510478578217	0.385799645884758	0.010648314671231	1	0.201451294131012	0.0785922189918332	0.322060168258318	0.0351660730559925	0.171235161897259	0	0.0845918039797394	0.148690574051258	1	0.404074784833713	0.92860985564257	0.0413671468324575	0.189552373928853	0.179544456134707	0
Root102	1	0.242699831705865	0.606415490890443	0	0.976026078257346	0.812868682551135	0.985096382739747	0.418838659238568	0.518865093655533	0.779479122492669	1	0.398289084724716	0.395705669645792	0.611486054628632	0	0.314158059156885	0.746752733043972	0	0.346475716231234	0.236157670905487	0.336434110499559	0.796667569631982	0.447138298630763	1
Root482	0.303763636630265	0.244986583815845	0.126004502371955	0	0.246132388791324	0.145311038756925	1	0.217851889117599	0.814971751412429	0.300755798801147	0.473047755687641	1	0.339361858550213	0	0.457029702970297	0.168664133294358	0.742317950790434	1	0.34889624591334	0.586041869961493	0	0.590455125319256	0.388945337002004	0.111017937435349
Root444D2	1	0.818326680530793	0.860502605384917	0.40677315820472	0.793256273522144	0.309742700882117	0.142760197335104	0	0.412753436834918	0.468503325093512	1	0.622151900372824	0.109013217211352	0.381389958941451	0.184159797303919	0	0.392824260905515	0.53412606089706	0.324589997519493	1	0.00278545472886517	0.0687013634641797	0.075664329410203	0
Root11	0	0	0.972570347599905	0	0.678936942885441	0	0.762090050027793	1	0.966384180790961	0	0	0	0	0.908149721263605	0	1	0	0	0	0	0	1	0.635557690628002	0.248014588090937
