2M.10.2	2M.10.4	2M.6.1	2M.9.2	2R.10.4	2R.6.1	2M.7.2	1R.8.2	1R.8.3	2M.10.3	1M.6.4	1M.9.3	2R.9.2	2R.9.4	2M.7.3	2R.7.1	2R.10.1	2M.6.4	1R.6.2	2R.8.3	2R.10.3	2R.6.4	2R.9.1	1M.9.2	2R.10.2	2R.7.2	1R.6.4	1M.7.1	2R.8.2	2M.7.1	1R.10.1	2M.8.4	2M.10.1	2M.9.4	1R.9.1	1M.7.2	1R.7.4	1R.7.1	2R.9.3	1R.7.2	2M.9.3	2R.6.2	2R.8.1	1M.7.3	1M.8.1	1M.8.2	2M.8.2	1R.10.4	1R.9.3	2M.8.3	2R.7.3	2R.7.4	2M.6.2	1M.10.4	2M.8.1	1M.9.4	2R.8.4	1R.10.2	2M.9.1	1R.8.4	1R.10.3	1M.6.3	1R.9.2	1M.10.1	1R.8.1	2R.6.3	1R.6.1	2M.6.3	1M.8.4	1R.7.3	1R.9.4	1M.10.2	1R.6.3	1M.6.2	1M.6.1	1M.10.3	1M.9.1	1M.8.3	1M.7.4	3M.10.1	3R.10.4	3M.8.3	3R.6.3	3R.7.4	3R.9.3	3R.7.1	3R.6.1	3R.10.2	3R.9.4	Input2	3M.7.3	3R.8.2	3R.10.1	3M.6.2	3R.7.2	3R.9.1	3R.8.3	3M.8.2	3M.9.2	3M.7.4	3R.10.3	3M.7.1	3R.7.3	3R.9.2	3M.10.3	3R.6.4	3M.10.4	3M.9.4	3R.6.2	3M.6.1	3M.6.4	Input1	3M.10.2	3M.8.4	3R.8.1	3R.8.4	3M.9.3	3M.9.1	3M.8.1	3M.7.2	Input3
Root935	7303	7090	6899	5897	9847	12499	3130	3256	3206	7177	3600	2113	7082	7917	8295	5300	8378	5486	6428	4995	4219	9122	7360	2122	10788	4486	6289	2771	3177	4163	2129	4990	7662	7089	3222	2137	2434	3950	8317	5768	3989	7028	3298	1567	2703	2691	5509	4370	3600	5450	2204	1471	5958	2644	2884	2215	3662	4420	7848	3870	4205	3059	4083	2413	4554	8721	4258	6952	1579	1608	2781	1401	4991	4171	3064	3073	1442	1688	2130	5379	13835	4742	10462	5588	6568	5980	12991	7489	5593	2475	3633	6793	10337	3514	5272	4721	7326	4605	2693	3339	8611	3771	5624	5945	5230	10562	13227	3318	12346	4086	3504	2496	6372	4608	8226	6199	4895	3165	3469	4455	748
Root773	65	144	190	69	190	200	232	314	271	65	110	33	139	212	673	461	68	78	335	149	59	131	133	47	121	455	238	311	50	279	70	304	129	48	273	360	303	429	172	418	77	82	95	80	129	140	204	204	211	263	241	195	187	78	122	68	94	146	72	212	218	76	242	68	201	114	278	149	65	308	172	59	96	147	72	109	53	131	103	133	509	310	283	1314	505	1340	507	433	229	58	248	531	402	89	1491	250	546	259	46	332	564	335	2168	322	88	385	288	54	834	110	114	65	228	301	521	554	116	124	119	376	37
Root569	433	634	740	955	233	144	1234	417	246	243	100	231	459	613	3892	1375	105	121	197	818	103	60	519	98	261	1288	45	1358	317	1968	103	2234	472	1506	251	1089	569	565	494	747	908	152	919	759	559	413	2152	43	152	2111	633	562	1109	68	941	170	678	217	1103	340	271	326	129	377	467	332	166	754	163	463	252	174	166	549	470	434	113	398	633	838	855	1345	197	804	448	840	539	595	299	1469	786	510	949	779	634	355	692	1301	475	878	608	579	200	418	613	394	1485	505	548	805	363	484	734	1323	597	673	897	427	1302	612	154
Root690	700	693	699	334	967	1583	13	423	237	475	196	125	837	674	41	487	888	599	643	385	304	1247	736	181	1338	166	659	9	246	12	124	204	502	346	279	5	85	283	1036	228	185	600	492	6	44	38	168	403	196	151	215	37	431	79	88	133	287	559	497	405	455	127	380	45	695	654	1248	584	12	69	103	36	613	115	165	97	57	11	4	112	2374	51	1452	125	613	205	1921	938	629	51	7	1462	939	77	180	374	1863	36	67	11	1152	25	191	345	130	1090	473	69	2116	115	40	42	82	50	1619	1242	173	54	56	9	15
Root83	7	16	20	13	7	17	13	7	7	9	13	19	11	9	19	27	8	7	19	9	4	10	14	8	16	14	13	7	3	10	5	6	17	17	11	6	25	14	20	6	8	10	7	1	5	9	11	6	6	5	5	9	14	14	7	7	7	16	7	15	11	14	20	11	11	11	19	14	2	9	11	11	10	10	14	15	5	4	9	20	54	6	22	28	29	33	32	28	30	111	12	11	14	10	47	19	24	9	7	19	31	28	81	24	9	29	41	3	26	22	9	217	19	11	22	11	12	16	6	27	74
Root9	296	427	472	881	262	43	465	419	528	104	204	362	469	573	1835	126	33	32	696	491	37	11	527	219	138	203	114	331	231	692	179	1295	285	1521	393	307	51	83	549	66	882	68	311	217	991	1029	1332	90	226	1494	88	76	817	181	665	386	358	390	1115	696	408	432	175	711	594	29	422	361	481	64	253	404	321	937	755	975	225	782	270	1048	2114	1387	405	336	1292	433	668	1446	816	258	864	927	855	979	460	1271	978	1247	828	739	1333	805	109	857	1257	678	2674	849	739	1368	463	1903	1567	1253	803	1103	1179	1019	1172	955	165
Root217	379	494	321	218	475	793	14	243	190	374	109	105	912	1057	29	299	464	307	351	272	301	582	1068	168	819	180	278	19	196	24	145	222	382	388	449	6	62	186	986	123	170	309	274	13	91	73	213	439	481	225	67	67	270	94	119	99	181	219	350	246	268	80	569	116	268	456	423	345	72	48	274	42	241	104	184	123	46	27	4	164	736	81	711	12	544	93	905	425	613	1906	7	807	884	124	37	440	877	100	78	17	535	13	81	602	90	632	705	68	1067	190	58	2164	115	98	507	734	237	78	72	9	708
Root401	111	150	147	107	107	165	69	70	85	131	119	80	108	181	218	598	86	102	102	50	50	109	201	75	172	295	170	127	16	115	35	65	184	112	162	111	206	548	224	534	73	47	45	33	90	50	90	150	161	79	229	133	98	110	26	56	42	95	208	87	95	98	183	74	66	128	167	131	41	454	158	32	68	112	52	77	117	41	74	148	401	102	215	1349	264	1799	221	185	131	231	180	175	354	115	2218	140	254	156	74	217	223	162	1375	206	122	187	367	71	315	159	65	345	123	143	207	213	158	60	99	413	52
Root480	51	70	80	40	56	116	124	17	62	52	15	11	76	74	336	146	54	52	37	17	15	45	75	10	54	169	37	140	19	165	43	166	122	70	35	120	91	143	60	82	30	13	25	64	32	28	41	25	13	31	56	78	78	21	23	16	18	28	54	44	54	31	54	30	29	31	39	47	13	85	20	17	20	14	7	15	14	28	106	65	132	160	43	286	146	399	89	144	88	124	120	101	56	26	588	84	169	201	46	198	86	176	96	162	21	61	53	40	122	39	34	93	89	197	155	182	59	43	96	189	53
Root241	796	962	1063	601	552	665	308	245	258	864	343	219	748	764	974	504	556	689	490	232	209	552	647	192	488	634	420	291	182	556	119	586	1004	788	375	190	167	240	868	172	507	234	177	157	208	204	487	390	247	460	164	181	831	172	351	235	222	326	776	312	407	297	375	139	232	455	495	844	61	115	170	124	243	336	301	311	109	124	136	549	2412	394	772	697	1469	1353	1583	1015	955	34	232	892	796	264	1009	1076	935	356	243	241	1205	298	282	1129	407	1188	1610	281	1585	484	204	47	592	408	988	941	648	302	260	267	10
Root61	8	8	3	9	20	23	7	10	7	11	1	1	37	47	43	30	34	7	7	12	11	28	28	1	23	22	17	13	8	9	3	6	10	8	15	6	15	15	47	13	3	6	3	5	0	1	13	6	6	14	7	9	7	2	4	2	29	12	10	9	8	1	9	2	8	27	20	7	2	9	3	0	5	0	3	3	1	0	6	3	70	8	25	55	43	70	57	72	38	24	8	40	29	3	89	32	59	3	2	8	55	7	21	72	3	53	5	0	50	1	4	47	2	1	60	39	4	2	1	15	5
Root491	107	107	90	96	248	453	63	263	195	95	60	31	314	306	198	1359	290	84	415	171	163	400	317	27	266	1279	340	65	71	88	71	51	134	83	318	30	938	964	263	684	63	185	180	28	29	27	52	228	203	58	513	540	84	29	40	34	112	228	88	191	239	38	218	51	286	245	446	105	26	502	104	20	151	37	29	40	22	13	32	24	1110	47	325	1218	421	1655	677	535	409	224	46	662	372	34	1378	355	741	36	18	40	497	60	1246	483	30	597	239	15	868	25	21	402	57	53	753	455	75	37	25	59	58
Root562	244	278	310	195	144	111	122	91	75	214	244	100	137	112	375	292	103	187	159	65	67	100	139	72	147	142	206	128	38	210	48	124	268	162	116	93	112	190	147	173	112	40	54	47	93	69	130	152	95	121	87	76	215	157	59	77	60	110	253	130	99	126	135	106	120	78	142	256	28	147	82	53	108	183	103	139	65	49	93	301	762	214	206	468	378	611	323	383	229	157	335	245	372	217	716	256	514	195	99	271	347	327	391	274	166	339	721	103	470	214	145	228	365	172	263	371	257	152	148	430	99
Root772	172	276	174	117	94	40	19	1	1	313	76	35	76	126	75	7	50	132	27	5	38	68	151	25	86	17	48	14	3	18	17	11	419	154	50	15	2	13	121	1	91	12	5	8	5	3	7	34	22	6	6	3	180	49	1	31	7	37	240	0	49	51	32	64	2	44	37	157	0	3	15	30	13	70	41	44	41	0	9	28	89	0	9	2	67	7	57	50	31	72	17	1	48	18	1	74	4	1	43	27	37	8	1	51	28	56	73	21	41	27	27	66	33	4	1	5	73	14	0	18	10
Root559	286	308	225	58	328	393	89	16	9	504	18	20	130	156	208	178	408	248	113	44	165	276	317	39	399	246	64	52	27	135	29	71	428	142	40	49	129	258	185	220	65	127	35	32	8	9	70	69	65	83	59	57	150	13	25	13	63	69	237	17	72	16	67	27	23	262	168	284	7	168	38	7	52	13	53	14	11	1	22	40	316	15	257	633	238	661	417	188	236	225	30	70	229	24	898	102	63	19	13	33	130	23	265	197	23	204	98	19	302	64	17	222	35	16	51	51	47	11	8	23	85
Root227	40	58	50	39	157	172	33	149	152	44	28	10	202	261	121	137	125	22	281	95	63	155	214	12	192	185	210	31	60	51	62	63	61	37	176	20	67	92	271	89	20	74	95	8	12	28	34	195	94	48	69	67	33	13	25	12	89	147	52	159	165	18	185	16	125	141	267	47	13	63	96	13	142	13	10	17	12	4	6	29	1778	44	592	710	996	1161	1269	874	772	27	65	848	488	31	952	728	1114	42	26	91	1139	105	257	936	29	1007	155	7	1271	19	25	44	50	46	959	986	69	32	32	93	8
Root135	4	6	13	37	9	19	5	29	13	3	5	10	40	51	21	42	8	1	19	27	6	5	29	5	8	18	6	8	20	9	2	13	9	25	17	4	28	6	20	12	15	10	31	1	4	3	14	8	19	19	5	9	13	3	3	4	13	10	25	29	18	2	22	11	27	9	15	11	0	12	23	4	12	8	2	4	2	4	4	13	65	6	36	30	25	30	60	83	33	1	12	47	84	4	36	62	70	2	2	10	38	21	7	32	2	57	19	7	103	5	8	3	9	7	42	31	12	1	2	14	0
Root564	3	2	5	7	8	8	1	24	13	6	6	1	21	12	6	13	6	3	54	9	5	10	4	6	16	26	37	0	5	8	8	1	3	6	29	0	8	7	15	13	7	9	5	0	3	0	1	32	24	5	2	2	4	0	1	2	4	23	3	23	39	4	37	6	19	7	39	2	4	2	17	3	22	3	8	5	4	2	3	5	186	10	85	65	91	90	152	74	124	261	20	53	61	4	101	100	60	5	3	27	124	37	20	75	2	128	46	1	138	3	7	313	10	7	74	68	18	6	10	26	125
Root123D2	21	36	24	19	69	53	13	67	40	14	12	5	57	99	46	69	39	16	96	35	13	61	107	10	63	77	41	16	35	24	9	27	24	12	33	8	33	55	108	40	11	26	43	1	6	6	22	41	33	20	15	27	21	9	25	6	50	48	26	43	56	3	47	7	35	30	104	20	7	33	36	5	41	11	4	8	5	2	4	6	323	10	155	244	247	353	350	224	138	5	4	348	164	3	358	133	397	13	2	21	297	26	62	191	9	390	32	2	406	4	4	8	13	22	350	379	10	4	6	20	2
Root170	219	227	331	168	237	272	213	112	103	229	111	84	157	140	525	466	192	198	189	109	96	225	149	61	220	296	169	157	64	334	42	162	391	216	111	65	152	166	200	154	126	126	153	47	65	55	137	127	110	221	109	124	204	79	76	70	115	136	209	76	106	91	138	86	90	227	161	268	36	146	59	51	121	103	76	118	36	25	76	168	751	104	307	381	302	384	519	377	204	468	139	353	191	112	560	270	442	100	59	166	409	166	2416	279	82	415	348	66	496	103	91	323	211	100	396	305	120	103	65	177	90
Root172	12	14	12	2	97	102	6	27	15	19	7	2	88	66	22	179	46	11	55	24	22	64	83	3	121	117	36	8	22	8	16	12	12	6	38	1	51	71	104	45	5	39	34	2	1	2	7	52	35	4	85	37	5	1	3	2	13	46	9	24	35	7	47	4	13	50	131	13	0	34	17	2	40	5	1	5	5	0	2	8	297	4	133	130	132	159	312	133	107	6	3	180	98	2	152	88	190	6	2	3	135	8	30	82	2	192	20	2	324	2	3	26	11	0	170	188	8	6	4	7	13
Root1257	12	31	15	10	35	28	10	3	2	35	1	0	21	32	37	36	55	17	9	16	28	49	26	2	30	50	15	1	11	9	7	18	32	4	15	2	19	11	40	17	2	11	5	1	1	0	15	15	4	9	15	14	12	1	5	0	23	9	8	5	3	2	5	1	8	48	19	19	0	9	7	1	6	2	0	0	3	0	4	0	48	1	32	16	47	29	50	32	29	30	0	23	11	0	15	18	30	0	1	0	39	1	15	24	0	32	5	0	35	0	2	16	0	0	22	23	3	1	0	2	3
Root329	398	379	470	314	236	217	199	159	150	341	385	191	175	177	573	431	164	231	259	83	84	167	199	159	259	233	276	243	45	315	64	220	421	260	173	145	136	271	253	240	192	47	111	111	198	154	256	249	137	235	142	125	354	249	126	180	97	170	377	181	164	231	212	212	164	141	203	424	73	180	135	115	134	337	179	226	122	96	186	607	1152	438	343	818	511	1011	559	545	385	949	712	402	670	415	1184	492	718	438	252	596	563	746	629	440	416	483	1504	241	583	391	281	1014	675	411	371	590	547	319	333	782	772
Root179	49	47	57	47	23	13	98	12	20	40	75	32	20	30	271	162	12	30	26	9	10	14	13	73	9	130	41	153	5	157	15	72	91	26	24	66	103	129	23	164	11	9	8	44	69	59	51	40	23	63	79	67	42	49	30	49	20	18	54	19	28	56	43	59	15	10	28	56	23	160	24	37	21	68	49	60	26	44	69	139	120	168	57	444	78	404	92	57	64	4	255	78	107	63	734	55	76	170	49	173	70	190	126	79	57	58	201	89	98	83	95	15	175	176	61	73	168	67	122	333	30
Root154	26	23	25	16	30	37	4	8	6	32	10	4	37	29	23	23	28	16	22	25	10	28	28	5	36	17	23	0	11	2	6	19	26	29	13	4	7	29	48	19	8	16	22	4	4	6	12	11	21	11	26	3	15	2	11	7	13	18	24	9	19	7	16	3	15	18	30	9	0	13	7	2	8	6	3	8	4	3	2	19	113	16	49	25	82	67	100	70	45	17	6	71	46	13	39	39	71	8	15	3	49	3	14	52	9	82	19	9	108	16	5	38	24	9	84	62	13	8	9	5	21
Root68	45	30	43	30	2	3	12	4	0	42	21	12	12	5	32	8	3	23	4	5	4	2	4	9	6	3	4	8	0	12	3	29	61	24	6	6	4	3	9	1	20	1	2	1	8	12	19	7	6	38	1	3	33	18	6	20	7	5	43	5	4	21	5	11	3	1	2	47	6	1	4	7	4	33	18	19	9	3	6	16	15	22	2	0	16	2	16	4	13	197	14	11	21	21	3	13	8	25	13	7	8	10	1	18	17	8	48	8	8	11	9	156	20	18	6	9	27	22	11	5	98
Root685	12	7	12	4	23	38	8	8	20	6	3	2	43	25	24	38	19	10	24	13	6	22	40	2	25	38	14	7	10	12	4	11	10	12	10	4	17	27	61	15	6	10	8	1	3	2	4	11	5	8	16	6	7	1	2	5	10	18	10	4	9	1	9	4	7	14	10	13	0	29	6	1	5	3	2	2	6	1	5	4	215	5	45	55	81	81	120	72	56	43	8	84	33	0	82	64	99	7	1	8	65	26	52	71	3	48	17	3	54	6	3	8	11	10	91	114	12	2	3	21	4
Root240	11	28	41	17	92	422	25	65	16	20	7	4	63	268	53	1219	216	18	48	167	72	73	100	2	49	669	27	22	90	24	15	12	29	27	48	17	550	227	67	278	3	143	140	6	5	3	14	16	55	18	105	285	17	2	8	1	56	15	19	47	29	5	102	6	65	278	166	16	1	218	27	3	9	5	2	6	4	0	18	11	111	6	78	252	121	397	102	159	118	7	15	80	219	13	435	68	120	11	8	47	120	64	61	154	11	143	39	12	122	7	8	16	21	7	90	47	24	16	2	21	5
Root472D3	53	28	5	12	153	19	1	9	9	4	11	6	84	45	2	80	37	42	63	6	13	209	112	18	268	30	142	2	4	4	14	0	8	3	49	0	31	16	51	18	2	32	8	0	0	1	5	278	34	0	11	12	2	41	0	0	10	48	12	36	90	14	88	6	23	31	39	7	1	8	11	0	14	2	3	15	9	0	0	15	257	4	325	29	38	55	379	217	46	17	1	78	407	15	42	26	164	3	1	6	107	1	10	23	3	287	84	1	467	17	7	16	13	5	49	130	3	0	0	3	12
Root630	7	5	3	4	9	40	10	15	48	8	8	4	46	30	25	195	24	7	32	9	16	25	58	12	18	216	39	5	12	19	10	6	6	13	25	3	116	149	64	214	1	21	10	9	2	4	10	24	39	11	142	19	5	1	4	3	21	39	9	13	19	1	22	5	33	9	59	9	2	179	3	1	12	2	21	3	1	0	0	16	228	8	57	79	67	97	136	44	89	183	5	75	49	4	79	38	83	12	19	3	90	9	108	176	12	82	63	2	47	29	3	251	9	4	40	110	8	3	6	7	137
Root105	27	21	26	16	43	105	10	16	19	35	6	10	73	77	35	51	40	24	35	18	16	46	74	3	35	40	30	11	11	20	13	10	30	23	26	5	10	27	67	18	14	21	20	4	3	1	12	29	22	13	10	7	20	5	5	2	15	27	35	25	37	7	31	2	29	47	39	15	2	8	24	2	18	8	9	9	6	6	2	9	236	7	40	65	115	110	154	115	88	1	11	81	108	8	84	107	101	4	6	14	121	27	26	90	13	109	31	7	140	10	9	7	22	9	100	99	17	12	2	15	18
Root436	0	0	0	0	0	0	0	0	11	0	0	3	0	0	0	0	0	0	22	0	0	0	0	2	1	0	27	0	0	0	6	0	0	0	18	0	0	0	0	0	0	0	0	0	0	0	0	10	20	0	0	0	0	1	0	1	0	12	0	10	12	0	58	1	9	0	28	0	1	0	4	0	8	0	1	0	0	0	0	2	439	1	43	605	228	779	182	103	187	0	6	107	86	0	899	142	145	0	0	14	198	23	186	234	1	146	12	2	105	0	1	9	2	1	100	166	2	2	2	16	0
Root565	97	97	108	93	56	88	71	68	61	100	93	51	67	47	179	140	65	84	89	42	32	60	64	55	74	110	92	54	18	80	19	66	151	68	56	26	86	60	76	54	52	53	36	30	50	31	66	56	57	67	38	30	84	61	24	64	45	74	75	63	52	64	89	45	61	71	94	108	20	52	43	27	61	64	69	59	24	19	30	74	294	76	89	120	160	120	191	145	120	325	72	126	98	82	208	126	201	46	36	96	175	119	667	135	44	164	177	42	183	52	40	451	97	64	157	118	82	66	44	83	170
Root264	0	0	0	0	15	11	0	0	1	0	0	0	2	0	0	24	0	0	1	0	0	71	5	0	26	5	1	0	0	1	0	0	0	0	0	0	46	17	0	0	0	7	1	0	0	0	0	1	0	2	1	1	2	0	1	0	0	28	0	0	0	0	0	0	2	33	2	1	0	8	2	0	5	0	0	0	0	0	0	0	5	0	2	149	4	2	73	3	0	12	0	2	1	0	47	6	1	0	0	0	2	0	1	2	0	0	2	0	43	0	0	24	0	1	0	2	1	0	0	0	7
Root1277	38	44	38	26	70	93	10	23	27	33	12	8	84	88	55	137	69	26	55	39	24	76	50	19	67	81	30	21	28	15	9	25	27	27	33	11	53	44	58	23	20	32	39	8	10	13	18	37	18	25	21	29	21	10	11	14	34	41	36	48	46	6	50	10	38	45	73	31	3	29	15	5	29	21	18	21	3	3	9	18	604	25	148	70	243	114	295	211	132	19	27	130	98	23	106	169	157	26	19	25	262	53	89	199	20	255	84	13	348	34	15	31	34	27	194	121	41	48	25	38	10
Root411	50	42	38	28	32	45	20	29	22	32	36	21	29	25	70	17	36	30	45	9	9	28	29	20	34	12	48	16	7	30	11	30	33	30	37	11	12	26	29	20	23	12	20	6	20	16	28	34	31	25	1	13	24	26	14	28	16	36	21	18	41	20	40	19	20	26	59	35	6	15	20	13	35	34	35	21	11	10	18	35	137	37	108	82	91	132	195	103	45	72	51	103	79	28	109	62	130	41	29	38	63	29	29	72	26	158	72	27	216	49	38	67	40	25	94	63	55	28	31	53	25
Root708	11	17	9	15	48	52	17	7	17	14	2	0	37	47	38	40	23	9	6	22	10	27	65	1	31	42	3	26	4	20	2	18	12	9	3	8	18	31	47	47	8	19	25	3	1	1	18	3	6	20	33	24	14	0	2	2	20	4	15	6	10	2	2	1	2	29	2	9	0	31	0	2	3	1	2	2	3	1	8	10	125	20	36	223	78	225	61	84	35	34	10	104	39	5	333	67	108	16	4	25	66	18	39	67	5	62	28	6	88	9	4	80	26	28	127	122	9	13	15	37	63
Root1240	2	4	4	1	20	17	3	3	5	7	0	2	16	10	20	33	21	4	14	6	9	19	9	1	18	46	26	1	7	5	4	0	2	6	3	4	18	47	19	44	1	11	6	2	2	0	1	4	3	4	27	11	4	1	1	0	7	7	6	4	13	0	5	2	5	17	12	2	0	20	3	1	6	2	1	1	1	0	2	1	52	0	18	24	10	69	51	31	18	182	3	21	17	0	29	16	15	0	1	1	25	4	6	26	0	38	8	0	49	0	0	168	0	0	46	18	1	0	1	3	127
Root137	2	3	2	3	30	33	3	17	23	1	0	0	48	30	12	19	34	1	28	19	11	35	36	1	22	23	21	2	14	6	14	1	3	2	16	1	13	17	28	20	3	17	11	2	0	0	5	17	20	8	5	3	4	1	2	0	28	9	1	33	16	1	20	0	23	16	41	2	0	10	4	1	24	3	3	1	1	1	1	0	216	0	40	33	73	91	116	50	55	56	3	87	39	0	43	37	80	2	0	2	80	4	6	74	0	75	6	1	69	1	1	89	1	2	88	86	2	1	1	2	47
Root189	15	19	20	18	125	208	3	37	33	18	1	7	406	130	6	337	54	18	39	66	29	123	145	8	143	58	29	2	41	8	17	5	22	37	46	0	96	110	156	45	31	76	96	4	3	1	21	14	55	10	40	10	12	3	6	4	34	31	51	53	26	2	89	2	35	109	80	6	3	43	12	0	34	1	7	3	0	3	2	5	212	5	86	10	28	23	197	56	174	45	0	152	40	2	19	53	165	0	4	3	148	12	15	63	12	197	55	3	124	16	6	529	6	3	205	127	20	3	1	2	53
Root267	4	8	1	3	17	99	0	1	2	7	0	0	19	15	1	24	30	3	4	10	16	30	25	1	30	6	3	0	6	0	5	2	4	9	5	1	3	18	8	23	3	15	19	0	0	1	5	3	1	2	7	1	3	1	0	0	9	11	10	5	7	0	3	1	6	18	5	3	0	13	4	0	1	1	0	0	0	0	0	1	35	2	16	2	8	1	50	21	20	365	0	44	5	0	0	15	45	0	0	0	26	0	1	18	0	24	2	1	55	5	0	133	0	0	44	21	1	0	1	0	60
Root554	3	8	5	4	51	86	6	22	14	11	2	1	83	36	15	129	32	6	31	24	19	50	69	4	103	64	30	4	7	2	9	3	10	7	30	2	48	63	64	38	3	13	17	1	0	0	3	29	28	2	52	24	6	0	4	1	20	34	6	15	21	1	26	1	11	30	71	8	0	30	15	0	43	2	3	1	0	0	2	3	169	4	62	57	97	78	237	61	84	7	1	120	54	1	79	47	129	2	1	2	58	2	13	46	4	132	6	2	207	2	0	22	2	0	117	122	2	2	0	1	4
Root278	7	8	3	7	28	71	4	13	20	9	0	1	30	27	17	134	30	0	47	11	33	28	55	0	53	62	23	4	11	15	5	3	1	10	14	2	34	41	81	99	0	20	16	2	2	1	1	15	12	2	22	17	3	0	0	0	24	20	7	11	26	1	17	1	11	39	53	4	0	25	11	0	21	2	4	3	0	0	3	4	571	3	50	116	47	138	141	83	65	310	4	70	53	0	167	35	153	0	0	2	88	6	598	107	0	112	12	1	114	0	0	397	1	4	118	88	2	2	0	4	86
Root149	10	7	9	3	61	50	7	28	39	10	4	1	23	31	39	375	94	8	70	34	33	44	30	5	47	123	67	9	22	16	19	7	16	6	20	8	72	151	52	108	3	14	24	1	4	5	10	36	17	7	109	33	8	6	4	3	24	36	7	21	25	3	25	6	37	58	55	10	1	96	13	3	13	2	5	6	0	3	3	1	117	5	40	257	37	578	70	47	22	150	8	35	57	3	516	23	50	1	1	12	48	16	109	47	3	56	18	3	80	1	2	236	4	6	59	61	4	1	1	23	87
Root764	36	26	64	46	15	37	22	11	6	23	7	2	36	46	87	12	20	30	16	9	5	39	38	3	22	24	8	23	3	44	0	22	34	42	6	4	13	7	28	15	21	11	9	6	4	4	18	6	5	14	6	14	44	9	11	2	18	2	39	13	3	1	16	1	9	17	15	42	2	11	2	1	7	5	4	4	2	0	12	16	121	3	31	35	57	58	102	98	90	43	27	14	60	12	88	86	40	5	2	27	70	59	12	60	12	90	83	7	87	13	23	114	67	8	19	14	45	29	4	41	17
Root1212	11	6	13	7	34	24	0	11	16	14	2	2	23	22	11	13	20	9	22	8	14	26	24	0	28	13	28	4	4	6	7	6	15	15	14	1	4	8	21	6	6	6	3	1	2	1	5	17	13	5	3	2	9	3	5	2	11	16	12	11	17	2	9	3	9	17	30	3	0	6	8	0	11	6	2	4	3	3	2	8	108	2	48	47	58	53	74	75	39	109	3	27	32	3	102	56	60	2	4	4	59	12	148	54	2	61	28	2	93	0	4	116	13	9	44	43	9	4	2	5	47
Root265	23	26	25	9	52	100	11	23	16	38	7	13	21	70	21	136	107	10	52	91	37	44	27	5	46	47	29	4	57	13	5	14	21	15	19	1	45	17	40	29	6	49	159	4	7	4	21	16	27	13	10	10	17	3	9	3	56	9	17	16	15	3	24	9	19	75	25	25	1	28	9	3	8	4	3	9	2	1	3	7	91	0	59	31	32	32	106	101	29	5	3	28	82	1	67	36	65	3	2	3	46	6	15	39	2	96	14	1	145	8	4	7	3	5	52	20	7	0	3	4	3
Root318D1	60	80	50	38	54	67	19	31	23	48	36	19	56	67	97	58	75	64	45	24	22	64	58	20	66	40	68	36	12	36	14	40	71	53	50	16	10	33	96	19	32	33	28	8	18	25	37	64	41	43	13	13	57	31	20	24	27	43	35	29	39	23	42	27	30	49	98	77	11	21	29	18	42	37	26	30	14	22	14	76	248	55	182	95	133	191	311	162	91	246	49	137	108	46	153	102	172	61	51	44	97	48	35	132	38	184	136	48	304	62	33	267	93	42	135	116	88	32	39	57	83
Root381	3	1	4	0	1	4	0	1	1	2	0	0	3	3	1	1	1	0	1	1	0	5	2	0	3	2	4	1	2	1	0	0	0	1	2	1	2	0	3	0	1	1	0	0	0	0	1	0	1	0	0	0	1	0	0	0	4	1	0	0	0	1	3	0	1	4	1	0	0	0	2	0	0	1	0	0	0	0	0	1	32	2	2	0	10	2	16	8	8	6	0	8	6	0	0	9	11	0	0	0	10	0	0	5	0	7	4	0	8	0	0	15	1	3	0	10	0	0	0	0	2
Root70	44	54	33	32	16	29	6	1	0	60	2	0	29	28	6	16	18	47	1	17	11	11	15	1	29	7	1	3	12	2	0	28	53	45	0	2	4	20	22	0	17	6	10	4	1	1	25	0	0	24	1	3	27	3	17	0	17	1	53	1	0	2	1	0	1	18	3	39	1	2	1	0	2	2	1	0	0	0	0	9	39	3	17	3	16	0	22	5	10	342	1	13	17	6	2	6	13	5	2	1	15	6	0	13	11	10	35	4	13	15	3	71	3	14	6	17	26	6	4	2	145
Root604	37	35	34	16	106	141	6	11	8	33	9	2	43	72	19	42	86	47	32	29	61	76	59	6	40	54	25	7	29	9	7	27	37	37	20	6	4	18	47	23	18	28	21	4	4	5	23	11	9	21	6	9	37	5	15	3	19	49	24	13	28	3	6	7	41	146	49	33	2	21	51	2	11	4	8	4	0	1	7	6	96	9	62	11	34	17	84	64	31	81	6	79	49	6	16	28	32	10	2	3	64	5	3	38	6	67	25	4	69	6	3	94	9	6	32	35	9	3	4	3	35
Root670	14	12	18	6	30	54	8	22	11	18	4	0	23	44	40	112	36	13	37	12	15	35	44	1	44	55	33	10	16	13	9	10	21	6	14	4	42	59	42	22	5	31	18	2	2	1	5	28	15	10	25	39	10	1	2	4	17	18	12	17	22	1	23	3	11	31	60	8	1	39	7	0	27	2	1	0	0	1	6	5	206	4	86	252	94	386	181	107	70	21	11	100	58	1	473	60	137	3	5	6	123	10	170	53	3	146	24	2	194	5	4	19	7	4	102	112	2	1	2	16	5
Root1293	0	2	3	1	4	13	0	2	0	1	0	0	9	12	1	3	11	0	1	5	7	8	15	0	12	4	0	1	3	6	0	1	0	2	0	1	5	4	19	16	1	11	6	0	1	0	1	0	1	1	2	2	1	0	0	0	3	2	5	0	1	0	2	0	3	12	2	1	0	4	1	0	0	0	0	0	0	0	0	0	8	1	5	11	11	9	9	5	8	43	0	4	2	0	6	9	14	0	0	0	11	0	1	6	0	6	0	1	9	0	0	9	2	0	8	8	0	1	0	0	9
Root750	9	11	12	6	5	14	2	2	0	5	7	5	14	9	5	1	13	5	3	0	8	9	10	6	24	5	3	2	4	3	1	5	11	5	7	2	0	2	7	1	8	6	3	0	0	3	5	7	3	1	1	1	10	2	3	2	9	2	10	6	5	1	13	4	0	7	5	6	0	1	4	0	7	7	2	1	1	2	2	10	42	3	19	5	28	6	18	30	14	154	1	16	20	13	7	28	21	6	12	1	20	10	3	27	7	24	52	2	16	9	11	77	19	6	26	19	26	6	5	2	62
Root236	1	0	1	1	4	13	0	2	0	2	0	0	3	14	0	23	6	0	1	7	3	10	5	0	5	22	1	0	5	0	1	0	0	1	3	0	15	6	4	7	0	4	6	0	0	0	0	3	1	0	4	4	0	0	0	0	2	1	1	5	3	0	1	0	4	11	2	0	0	11	1	0	0	0	0	1	0	0	0	0	13	0	17	4	2	5	14	12	1	7	0	8	14	2	5	4	10	0	0	0	8	2	2	1	0	10	3	0	17	0	0	5	1	0	2	1	0	0	0	0	2
Root1203	5	7	4	4	34	34	2	51	40	7	3	2	18	24	5	13	19	3	52	9	11	22	30	0	35	5	59	3	9	7	12	7	16	4	35	1	3	9	26	10	1	6	4	2	2	6	6	41	36	4	2	9	12	6	3	6	4	56	6	20	43	11	40	7	25	15	53	9	0	3	26	2	40	2	2	5	2	0	1	5	193	9	60	177	91	226	121	78	45	38	10	85	42	4	220	57	140	10	3	10	179	31	33	71	6	106	41	4	170	1	3	108	9	5	137	97	10	3	2	30	19
Root763	0	1	8	7	1	6	12	14	12	3	1	0	17	21	27	7	7	8	7	3	1	21	9	0	3	10	4	6	1	11	0	5	1	17	2	2	8	6	23	14	6	9	2	2	1	0	3	1	2	5	3	9	10	0	6	1	9	0	8	9	0	0	2	0	7	3	4	9	1	9	0	0	5	0	0	0	0	1	3	4	58	0	15	13	13	30	94	84	44	40	5	17	34	4	44	30	14	1	0	11	17	10	6	16	1	74	9	0	84	5	5	139	6	1	1	3	10	2	0	12	26
Root280D1	7	14	13	8	42	46	4	23	19	17	1	3	73	66	30	88	61	5	21	24	17	60	69	1	44	79	25	3	17	10	7	11	9	8	44	4	70	58	68	70	3	33	20	1	0	2	10	29	26	10	35	40	6	2	3	2	30	6	9	20	32	3	41	2	17	35	47	12	1	45	17	2	11	3	3	3	0	0	3	4	263	5	109	258	177	209	181	141	203	86	3	189	146	7	342	118	251	4	1	5	161	11	99	141	3	202	18	0	142	1	1	123	7	4	161	182	11	6	6	15	35
Root1280	10	7	16	6	3	8	19	7	10	16	4	3	28	13	37	21	10	3	6	9	1	4	8	2	6	11	3	23	6	24	2	16	11	15	9	11	4	4	12	5	6	5	6	10	8	8	16	4	1	8	6	3	9	2	10	2	5	3	7	9	10	6	4	6	12	4	10	12	1	7	2	2	1	9	14	19	2	6	3	24	52	26	9	14	33	29	23	51	41	9	14	24	20	19	42	51	23	36	9	6	35	18	54	49	14	33	39	7	35	22	3	5	32	16	47	23	10	24	15	10	1
Root22	4	4	4	5	6	26	1	5	20	3	2	1	90	33	13	18	39	2	7	16	7	30	22	5	15	57	24	3	9	7	6	2	7	7	17	4	11	28	45	53	9	11	9	2	2	1	5	18	21	3	7	7	3	2	5	1	30	4	4	30	2	2	26	1	14	21	18	5	2	7	18	0	5	3	2	1	0	1	3	2	408	2	44	81	60	90	107	56	168	188	2	85	34	2	82	78	241	3	3	3	191	10	34	172	1	82	17	2	55	2	4	267	5	2	68	119	11	0	3	4	91
Root761	5	10	10	10	7	7	15	6	1	12	11	2	9	6	19	7	8	13	9	1	0	8	6	3	6	1	3	11	1	25	1	4	14	4	4	3	3	8	7	3	5	7	0	2	4	5	1	4	1	9	3	9	7	2	0	5	3	3	12	5	1	9	6	1	6	1	7	19	1	1	2	2	4	7	1	3	2	2	3	4	46	0	3	17	14	31	27	25	11	22	14	4	6	6	46	20	4	1	3	17	20	30	10	22	13	28	30	2	36	8	7	106	13	4	1	6	8	7	0	19	18
Root102	10	8	10	7	44	39	4	12	10	8	1	1	32	46	20	45	29	8	29	11	13	38	53	0	39	26	23	9	4	9	7	8	11	11	18	3	15	19	31	14	3	8	16	0	0	1	8	14	8	9	13	20	4	0	3	1	27	10	6	14	19	2	15	1	5	23	26	12	0	23	4	1	12	0	1	4	3	0	4	3	107	5	48	55	58	95	95	56	28	5	4	56	33	2	91	34	73	2	2	5	60	3	21	37	3	61	9	3	106	3	1	35	9	4	60	68	10	1	0	7	7
Root332	0	0	0	0	0	0	0	0	0	0	0	0	0	0	0	0	0	0	0	1	0	0	0	0	0	2	0	0	0	0	0	1	0	0	0	0	0	0	0	0	0	0	0	0	0	0	0	0	0	0	1	0	0	0	0	0	0	0	0	0	0	0	0	0	0	1	0	0	0	0	0	0	0	0	0	0	0	0	0	0	0	0	0	0	0	0	0	0	0	19	0	0	1	0	0	1	0	0	0	0	1	0	0	0	0	0	0	0	0	0	0	33	0	0	0	0	0	0	0	0	4
Root482	2	1	1	1	2	3	1	11	9	0	2	2	5	2	1	1	1	0	23	0	0	0	3	1	2	3	13	0	0	0	6	0	0	0	17	1	0	1	7	2	0	2	0	0	1	0	0	11	13	0	1	0	2	0	0	1	0	13	1	9	8	0	9	0	12	1	77	1	0	2	1	1	14	0	2	1	0	0	0	1	164	1	41	111	76	196	109	60	72	123	1	93	37	1	190	42	132	1	0	3	60	6	38	60	0	73	10	3	71	0	0	210	2	1	157	100	2	1	2	5	91
Root1294	16	16	14	5	5	4	5	3	1	14	5	3	8	4	22	2	8	5	8	3	1	5	2	0	9	7	6	8	2	11	0	10	13	8	1	5	0	2	6	3	4	1	6	5	2	5	10	3	2	4	0	1	7	2	7	2	2	0	18	3	2	1	7	4	0	5	2	16	0	1	2	1	0	6	4	5	0	2	0	13	25	7	3	1	7	1	10	6	6	87	6	12	11	6	0	12	13	5	3	1	15	1	2	4	5	5	7	7	13	5	0	70	9	6	6	10	10	8	5	6	24
Root101	0	3	4	2	5	6	2	0	0	1	0	0	10	10	3	4	8	2	1	6	2	14	5	0	4	7	0	1	4	4	0	2	6	5	2	1	2	0	9	2	1	4	6	1	0	0	3	0	0	1	1	6	3	0	3	0	8	2	2	0	0	0	0	1	1	4	1	3	0	0	0	0	1	0	0	1	0	0	1	0	6	0	1	1	0	1	4	2	3	61	0	1	0	0	1	2	0	0	0	0	1	0	0	0	0	4	0	0	6	0	0	14	1	1	0	0	0	0	0	0	2
Root766	2	3	5	4	4	7	1	1	4	3	3	2	17	9	1	0	12	8	1	0	1	7	6	2	12	1	2	0	3	1	0	2	1	7	1	0	1	0	11	0	4	3	3	0	0	1	1	4	3	4	0	0	4	0	1	0	4	2	3	3	1	2	10	1	3	2	3	4	1	1	2	0	1	2	2	2	1	1	0	2	64	2	5	4	33	11	16	19	23	362	4	10	11	0	8	50	12	4	4	1	15	2	7	27	4	18	19	1	10	4	3	69	6	6	7	15	7	1	0	4	89
Root444D2	6	3	4	7	6	3	0	0	0	6	4	3	5	6	0	0	6	1	12	1	0	5	11	3	10	0	5	0	0	0	4	3	6	2	9	0	0	0	8	0	2	2	0	1	0	0	1	3	7	0	0	0	10	2	0	1	1	2	0	6	4	4	9	1	1	1	3	4	2	1	3	1	1	0	2	3	0	0	1	2	155	1	14	8	28	2	25	15	27	355	5	4	18	4	2	19	10	1	3	4	51	7	3	45	7	20	25	0	21	5	3	240	10	7	3	7	10	4	1	3	400
Root1252	2	3	4	3	7	7	0	0	3	4	0	2	13	12	9	3	3	2	2	1	4	4	7	1	0	11	1	0	2	3	0	1	1	4	0	0	0	4	9	4	2	3	5	2	0	1	0	0	0	1	3	1	2	1	0	0	4	1	3	3	1	0	2	0	1	4	4	3	0	2	1	0	0	0	0	0	0	0	0	0	39	2	7	4	16	6	18	11	13	421	1	10	3	0	11	14	22	0	0	0	6	0	211	18	1	7	3	1	8	0	0	366	1	0	7	19	0	0	0	1	95
Root1221	0	0	0	0	0	0	0	7	3	0	1	4	0	0	0	0	0	0	8	0	0	0	0	2	0	0	8	0	0	0	2	0	0	0	11	0	0	0	0	0	0	0	0	0	2	0	0	4	2	0	0	0	0	3	0	3	0	2	0	3	13	3	12	4	3	0	3	0	0	0	6	1	9	0	3	0	1	0	0	0	0	0	0	0	0	0	0	0	0	0	0	0	0	0	0	0	0	0	0	0	0	0	0	0	0	0	0	0	0	0	0	4	0	0	0	0	0	0	0	0	1
Root483D1	6	5	4	3	14	34	0	5	3	2	0	0	25	12	3	11	19	3	15	8	18	20	20	0	15	7	13	0	3	0	3	4	2	0	12	0	1	1	19	10	1	8	12	0	2	0	1	5	12	3	3	4	1	1	1	1	8	16	2	1	16	0	6	0	14	12	15	3	0	2	2	0	9	0	1	3	0	0	1	1	110	1	25	3	41	9	79	41	30	4	0	65	19	1	10	14	68	2	1	0	49	3	6	31	1	46	9	2	64	0	0	18	1	0	120	34	2	0	1	2	6
Root136	0	0	0	0	0	0	0	0	0	0	0	0	0	0	0	5	0	0	0	0	0	0	5	0	0	0	0	0	0	0	0	0	0	0	0	0	5	0	0	0	0	0	0	0	0	0	0	0	0	0	0	0	0	0	0	0	0	0	0	0	0	0	1	0	0	0	3	0	0	0	0	0	0	0	0	0	0	0	0	0	0	0	0	0	0	1	0	0	0	0	0	0	0	0	0	0	0	0	0	0	0	0	0	0	0	0	0	0	0	0	0	2	0	0	0	0	0	0	0	0	0
Root797	0	0	4	0	1	4	2	0	0	1	0	0	4	4	2	6	5	2	1	0	0	1	2	0	3	7	0	2	0	3	0	0	1	1	0	0	2	2	2	2	0	3	1	0	0	0	0	0	1	0	1	3	0	0	0	0	1	2	1	0	0	0	0	0	0	1	1	1	0	2	0	0	0	0	0	0	0	0	0	0	7	0	1	0	1	1	0	0	1	12	0	0	0	0	1	0	1	0	0	0	1	0	1	0	0	2	0	0	1	0	0	25	0	0	0	0	0	0	0	1	4
Root728	0	0	0	0	0	0	1	0	0	0	0	0	0	0	0	0	0	0	0	0	0	0	1	0	0	0	0	0	0	0	0	0	0	0	0	0	0	0	1	0	0	0	0	0	0	0	0	0	0	0	0	0	0	0	0	0	0	0	1	0	1	0	0	0	0	0	0	0	0	0	0	0	0	0	0	0	0	0	0	0	1	0	1	0	1	0	1	0	0	9	0	0	0	0	0	1	0	0	0	1	0	0	0	0	0	0	0	0	0	0	0	15	0	0	1	0	0	0	0	0	4
Root729	0	0	0	0	0	0	0	0	0	0	0	0	2	0	1	0	3	0	0	0	2	1	0	0	2	0	0	0	0	0	0	0	0	0	0	0	0	0	0	0	0	0	0	0	0	0	0	0	0	0	0	0	0	0	0	0	0	0	0	2	0	0	0	0	0	0	0	0	0	0	0	0	0	0	0	0	0	0	0	0	0	0	0	0	0	0	0	0	0	21	0	0	0	0	1	0	0	0	0	0	0	0	0	0	0	1	0	0	0	0	0	7	0	0	1	0	0	0	0	0	6
Root710	0	0	0	0	3	0	0	0	0	3	0	0	0	0	1	0	0	1	0	0	0	1	0	0	0	1	2	0	0	1	0	1	2	1	1	0	0	0	2	1	0	0	1	0	0	0	1	1	0	0	0	1	0	0	1	1	0	0	1	0	1	0	1	0	1	1	1	1	0	0	0	0	0	0	1	0	0	0	0	0	3	0	1	0	1	0	0	0	0	35	0	4	1	0	0	0	0	2	0	0	1	0	0	0	1	0	0	0	1	0	1	36	0	0	0	1	0	0	0	0	11
Root614	0	3	1	0	3	11	0	1	0	2	0	1	5	23	0	36	7	1	3	2	2	2	5	0	0	26	1	1	6	1	0	1	1	0	3	1	22	4	7	11	0	8	4	0	1	0	1	0	7	0	0	17	1	1	0	0	0	0	0	2	2	0	9	1	5	13	2	0	0	6	5	0	0	0	1	0	0	0	0	0	6	0	2	9	6	10	3	3	16	5	0	4	10	1	5	2	1	0	0	1	3	0	0	11	0	5	4	0	1	0	1	19	0	2	2	2	3	1	0	1	6
Root736	0	1	4	1	1	0	1	0	0	2	0	0	3	2	2	0	1	1	1	1	0	0	0	0	1	0	2	0	0	0	0	0	1	0	0	1	0	0	1	0	1	0	0	0	0	0	0	0	0	0	0	0	1	0	2	0	0	0	3	0	0	0	0	0	0	0	1	0	0	0	0	0	3	0	0	0	0	0	1	0	9	0	1	0	4	0	3	4	1	65	0	0	0	0	1	1	0	0	0	0	2	1	0	2	1	3	3	0	2	1	0	60	1	0	0	0	1	1	0	1	30
Root538	0	0	0	0	1	1	0	4	2	0	0	0	5	0	0	5	1	1	2	1	1	1	1	0	1	1	2	0	0	0	0	0	0	1	0	0	0	0	1	0	0	0	3	0	0	0	1	2	0	0	0	0	0	0	0	0	1	0	0	5	1	0	0	0	4	3	2	0	0	0	0	2	0	1	0	0	0	0	0	0	6	0	3	1	1	3	4	6	5	0	0	10	6	0	2	5	12	0	0	0	6	0	1	2	0	5	1	0	11	0	1	1	0	2	5	3	0	1	0	1	0
Root81	0	0	1	0	0	1	0	0	0	2	0	0	4	3	1	0	6	0	0	2	1	0	2	0	4	4	1	1	1	0	0	0	0	1	1	0	2	0	0	0	1	0	0	0	0	0	1	1	2	0	0	1	0	0	1	0	1	0	1	0	0	0	0	0	1	1	0	1	0	0	1	0	0	1	0	0	0	0	0	0	0	0	0	1	0	0	0	3	3	64	0	0	0	0	0	1	3	0	0	0	1	0	1	3	0	0	0	0	0	0	0	43	0	0	1	1	0	0	0	0	8
Root756	0	0	0	0	0	0	0	0	0	1	0	0	1	0	0	0	1	1	0	0	0	1	4	0	0	2	0	0	0	0	0	1	0	0	0	0	0	0	0	0	0	0	1	0	0	0	0	0	1	0	0	0	0	0	1	0	0	0	1	0	0	0	0	0	0	1	0	0	1	0	1	0	0	0	0	0	0	0	0	0	2	0	1	0	0	0	1	0	0	9	0	0	0	0	0	0	0	0	0	0	0	0	0	0	0	0	0	0	0	0	0	15	0	0	0	1	0	0	0	0	1
Root100	0	0	1	1	1	1	0	0	0	1	0	1	1	0	1	3	2	0	0	0	0	1	0	0	2	4	1	0	0	0	0	1	0	3	1	0	0	0	0	1	0	1	0	0	0	0	0	1	0	0	1	0	0	0	0	0	1	0	0	1	0	0	1	0	0	2	2	1	0	0	0	0	0	0	0	0	0	0	0	0	1	1	1	2	1	3	3	5	0	1	1	5	2	0	3	1	5	0	0	0	2	0	0	2	1	2	0	0	5	1	0	1	0	0	5	4	0	0	0	0	5
Root811	0	0	0	0	0	1	0	0	2	0	0	0	0	1	0	1	1	0	2	0	0	0	0	0	0	1	2	0	1	0	1	0	0	0	2	0	0	0	0	0	1	0	0	0	1	0	0	2	1	1	0	0	0	0	0	0	0	2	0	0	4	0	2	0	3	1	1	0	0	0	1	0	0	0	0	0	0	0	0	0	5	1	5	2	10	2	1	5	5	50	0	2	1	0	3	5	0	0	0	1	7	0	0	3	2	5	0	0	5	4	1	56	0	0	1	3	1	1	0	0	31
Root4	0	2	0	0	1	3	1	0	0	3	0	0	3	5	3	2	3	0	0	0	3	2	5	0	4	6	0	1	2	1	0	0	1	1	0	0	0	2	7	4	0	1	0	0	0	0	2	0	0	2	1	0	1	0	0	0	2	0	1	0	0	0	0	0	0	1	0	1	0	1	0	0	0	0	0	0	0	0	0	0	2	1	2	1	6	0	2	2	1	68	0	0	0	0	0	0	9	0	0	0	1	0	1	5	0	4	0	0	1	0	0	28	2	0	1	1	0	0	0	0	15
Root190	0	0	0	0	0	4	0	0	0	0	0	0	0	1	2	15	2	0	0	0	0	0	3	0	0	4	0	0	3	0	0	0	0	0	0	0	14	0	11	8	0	0	2	0	0	0	0	0	0	1	2	0	0	0	0	0	0	0	0	0	0	0	0	0	0	1	0	0	0	0	0	0	0	0	0	0	0	0	0	0	0	0	0	0	0	0	0	0	0	6	0	0	0	0	0	0	0	0	0	0	0	0	0	0	0	0	0	0	0	0	0	0	0	0	0	0	0	0	0	0	0
Root782	0	0	0	0	0	0	0	0	0	0	0	0	0	0	0	0	0	0	0	0	0	0	0	0	0	0	0	0	0	0	0	0	0	0	0	0	0	0	0	0	0	0	0	0	0	0	0	0	0	0	0	0	0	0	0	0	0	0	0	0	0	0	0	0	0	0	0	1	0	0	0	0	0	0	0	0	1	0	0	0	0	0	0	0	0	0	0	0	0	0	0	0	0	0	0	0	0	0	0	0	1	0	0	0	0	0	0	0	0	0	0	76	0	0	0	0	0	0	0	0	52
Root748	0	0	0	2	1	1	1	0	0	0	0	0	1	1	2	0	1	2	0	0	1	0	0	0	0	1	0	0	0	3	0	1	0	0	0	0	1	0	0	1	1	0	0	0	0	0	2	0	0	0	0	0	0	0	0	0	1	0	0	0	0	0	0	0	0	0	0	1	0	1	0	0	0	0	0	0	0	0	0	0	0	0	0	0	0	0	0	0	0	10	0	0	0	0	0	0	0	0	0	0	1	0	0	0	0	0	0	0	1	0	0	0	0	0	0	0	0	0	0	0	1
Root787	0	0	1	0	1	0	0	1	0	1	0	0	0	1	0	0	1	0	0	0	0	2	1	0	0	0	0	0	0	1	2	0	2	0	3	0	0	0	1	0	1	0	1	0	0	0	0	0	1	1	0	0	1	1	0	0	0	0	0	0	0	0	1	0	0	0	0	1	0	0	2	0	1	0	0	0	0	0	0	0	24	0	0	1	4	0	8	3	2	173	1	0	3	0	0	7	4	2	1	0	7	1	0	11	0	2	4	0	1	0	1	144	1	0	0	1	1	0	0	0	182
Root11	0	1	0	0	0	0	0	1	0	0	0	0	1	0	0	0	0	0	1	0	0	1	0	0	0	0	0	0	0	0	0	0	0	0	0	0	1	0	0	2	0	0	0	0	0	0	0	0	0	0	0	0	0	1	0	0	2	0	0	0	0	0	1	0	1	1	1	0	0	2	0	0	1	0	0	0	0	0	0	0	2	0	0	0	0	1	4	1	0	1736	0	0	1	0	1	0	0	0	0	0	0	2	0	0	0	2	0	0	1	0	0	4772	0	0	0	4	0	0	1	0	1689
Root140	0	1	1	0	0	1	2	0	0	0	2	0	0	1	0	0	2	0	0	0	0	1	0	1	0	1	0	1	0	2	0	0	4	0	4	0	0	1	0	0	0	1	0	0	0	0	0	0	0	0	1	0	0	0	0	0	0	0	2	1	0	0	4	0	0	0	2	1	0	0	0	0	1	0	0	0	1	0	2	0	13	0	1	1	3	1	2	0	7	1	0	0	2	0	3	2	2	1	0	1	10	1	1	1	1	3	0	0	9	1	0	14	1	0	3	2	1	0	0	0	11
Root147	0	0	1	0	0	1	0	2	0	0	0	0	1	0	0	0	0	0	5	0	0	0	0	0	0	0	1	0	0	0	1	0	0	0	1	0	0	0	0	0	0	0	1	0	0	0	0	1	0	0	0	0	0	0	0	0	2	1	0	0	0	0	0	0	0	0	0	1	0	0	1	0	1	0	0	0	0	0	0	1	10	0	5	1	5	1	3	1	4	298	0	0	0	0	0	2	0	0	0	0	3	0	0	0	0	0	0	0	3	0	0	394	0	0	1	1	0	0	1	1	267
Root777	0	0	0	0	0	0	0	0	0	0	0	0	0	0	0	0	0	0	0	0	0	0	0	0	0	0	0	0	0	0	0	0	0	0	0	0	0	0	0	0	0	0	0	0	0	0	0	1	0	0	0	0	0	0	0	0	0	0	0	1	0	0	0	0	0	0	0	0	0	0	0	0	0	0	0	0	0	0	0	0	7	0	0	0	1	9	0	0	0	0	0	0	0	0	2	1	2	0	0	0	4	0	0	0	0	0	1	0	1	0	0	5	0	0	0	0	0	0	0	0	5
Root166	0	0	0	0	0	1	0	0	1	1	0	0	0	0	0	2	2	0	1	1	2	1	6	0	0	1	0	0	0	0	0	0	0	0	0	0	0	0	2	0	0	0	0	0	0	0	0	0	0	0	0	0	0	0	0	0	1	0	0	0	0	0	0	1	0	0	0	0	0	0	0	0	0	0	0	0	0	0	0	0	1	0	0	0	1	0	1	1	2	27	0	2	0	0	0	0	1	0	0	0	0	0	0	1	0	0	0	0	0	0	0	16	0	0	1	4	0	0	0	0	9
Root198D2	0	0	0	0	0	0	0	0	0	0	0	0	0	0	0	0	0	0	0	0	0	0	0	0	0	0	0	0	0	0	0	0	0	0	0	0	0	0	0	0	0	0	0	0	0	0	0	0	0	0	0	0	0	0	0	0	0	0	0	0	1	0	0	0	0	0	0	0	0	0	0	0	0	0	0	0	0	0	0	0	0	0	0	0	0	0	0	0	0	0	0	0	0	0	0	0	0	0	0	0	0	0	0	0	0	0	0	0	0	0	0	0	0	0	0	0	0	0	0	0	0
Root53	0	0	1	0	0	1	0	2	0	0	1	0	0	1	1	0	2	0	1	0	0	0	0	0	2	0	0	0	0	0	1	0	1	0	0	0	0	0	2	1	0	1	0	0	0	2	0	0	0	2	1	0	0	0	1	0	1	0	2	1	0	0	3	0	0	0	0	0	0	0	0	0	0	0	0	0	0	0	0	0	11	0	5	3	2	4	8	7	15	4	0	3	3	0	4	5	10	0	0	0	11	1	0	10	0	8	3	0	6	0	0	25	1	0	4	9	1	0	0	1	4
Root762	0	1	0	0	0	0	0	0	0	0	0	0	0	0	0	0	0	0	0	0	0	0	0	0	0	0	0	1	0	0	0	0	0	0	0	0	0	0	0	0	0	0	0	0	0	0	0	0	0	0	0	0	0	0	0	0	0	0	0	0	0	0	1	0	0	0	0	0	0	0	0	0	0	0	0	0	0	0	0	0	2	0	0	0	1	0	0	1	3	49	0	0	0	0	0	0	0	0	0	0	0	0	0	0	0	0	0	0	0	0	0	116	0	0	0	0	0	0	0	0	34
Root1304	0	0	0	0	0	0	0	0	0	0	0	0	0	0	0	0	0	0	0	0	0	0	0	1	0	1	0	0	0	0	0	0	0	0	0	0	0	0	0	0	0	0	0	0	0	0	0	1	0	0	0	0	0	0	0	0	0	0	0	0	0	0	0	0	0	0	0	0	0	1	0	0	0	0	0	0	0	0	0	0	1	0	0	0	0	0	0	0	0	11	0	0	0	0	1	0	0	0	0	0	0	0	0	0	0	0	0	0	0	0	0	27	0	0	0	0	0	0	0	0	23
Root809	0	0	0	0	0	0	0	0	0	0	0	0	0	0	0	0	1	0	0	0	0	1	0	0	0	0	0	0	0	0	0	0	0	0	0	0	0	0	0	0	0	0	0	0	0	0	0	0	1	0	1	0	0	0	0	0	0	0	0	0	0	0	0	0	0	0	0	0	0	1	0	0	0	0	0	0	0	0	0	0	0	0	0	0	0	0	0	1	0	6	0	0	0	0	0	0	0	0	0	0	0	0	0	0	0	0	0	0	1	0	0	6	0	0	0	0	0	0	0	0	0
Root157	0	0	0	0	0	0	0	0	0	0	0	0	0	0	1	0	1	0	1	1	0	0	0	0	0	0	1	0	0	0	0	0	0	0	0	0	0	0	0	0	0	0	0	0	0	0	0	0	0	0	0	0	0	0	0	0	0	0	0	0	0	0	0	0	0	0	0	0	0	0	0	0	0	0	0	0	0	0	0	0	1	0	2	3	0	3	0	1	0	0	0	0	0	0	0	1	2	0	0	0	0	0	0	1	0	0	0	0	0	0	0	0	0	0	0	0	0	0	0	0	0
Root920	0	0	0	0	0	0	0	0	0	0	0	0	0	0	0	0	0	0	0	0	0	0	0	0	0	0	0	0	0	1	0	0	0	0	0	0	0	0	0	0	0	0	0	0	0	0	0	0	0	0	0	0	0	0	0	0	0	0	1	0	0	0	0	0	0	0	0	0	0	1	0	0	1	0	0	0	0	0	0	0	2	1	0	0	0	0	0	0	0	155	0	0	0	1	0	0	0	0	0	0	0	0	1	0	0	0	1	0	0	0	0	642	0	0	0	0	1	0	0	1	271
Root774	0	0	0	0	0	0	0	0	0	0	0	0	1	0	0	0	1	0	0	0	0	0	0	0	0	0	0	0	0	0	0	0	0	0	0	0	0	0	1	0	0	0	0	0	0	0	0	0	0	0	0	0	0	0	0	0	0	0	0	0	0	0	0	0	0	0	0	0	0	0	0	0	0	0	0	0	0	0	0	0	1	0	1	0	0	1	0	0	0	7	0	0	0	0	1	0	0	0	0	0	1	0	0	1	0	1	0	0	0	0	0	32	0	0	0	0	0	0	0	0	4
Root405	0	0	0	0	0	0	0	0	0	0	0	0	0	0	0	0	0	0	0	0	0	0	0	0	0	0	0	2	0	0	0	0	0	0	0	0	0	0	0	0	0	0	0	0	0	0	0	0	0	0	0	0	0	0	0	0	0	0	0	0	0	0	0	0	0	0	0	0	0	1	0	0	0	0	0	0	0	0	0	0	0	0	0	0	0	0	0	0	0	0	0	0	0	0	0	0	0	0	0	0	0	0	0	0	0	0	0	0	0	1	0	0	0	0	0	0	0	0	0	0	0
Root369	0	0	0	0	0	0	0	0	0	0	0	0	0	0	0	0	0	0	0	0	0	0	0	0	0	0	0	0	0	0	0	0	0	0	0	0	0	0	0	0	0	0	0	0	0	0	0	0	0	0	0	0	0	0	0	0	0	0	0	0	0	0	0	0	0	0	0	0	0	0	0	0	0	0	1	0	0	0	0	0	0	0	0	0	0	0	0	0	0	0	0	0	0	0	0	0	0	0	0	0	0	0	0	0	0	0	0	0	0	0	0	0	0	0	0	0	0	0	0	0	0
Root768D1	0	0	0	0	0	0	0	0	0	0	0	0	0	0	0	0	0	0	0	0	0	0	0	0	0	0	0	0	0	0	0	0	0	0	0	0	0	0	0	0	0	0	0	0	0	0	0	0	0	0	0	0	0	0	0	0	0	0	0	0	0	0	1	0	0	0	0	0	0	0	0	0	0	0	0	0	0	0	0	0	0	0	0	0	0	0	0	0	0	206	0	0	0	0	0	0	0	0	0	0	0	0	0	0	0	0	0	0	0	0	0	66	0	0	0	0	0	0	0	0	147
Root1310	0	0	0	0	0	0	0	0	0	0	0	0	0	0	0	0	0	0	0	0	0	0	0	0	0	0	0	0	0	0	0	0	0	0	0	0	0	0	0	0	0	0	0	0	0	0	0	0	0	0	0	0	0	0	0	0	0	0	0	0	0	0	0	0	0	0	0	0	0	0	0	0	0	0	1	0	0	0	0	0	0	0	0	0	0	0	0	0	0	0	0	0	0	0	0	0	0	0	0	0	0	0	0	0	0	0	0	0	0	0	0	0	0	0	0	0	0	0	0	0	0
Root1295	0	0	0	0	0	0	0	0	0	0	0	0	0	0	0	0	0	0	0	0	0	0	0	0	0	0	0	0	0	0	0	0	0	0	0	0	0	0	0	0	0	0	0	0	0	0	0	0	0	0	0	0	0	0	0	0	0	0	0	0	0	0	0	0	0	0	0	0	0	0	0	0	0	0	0	0	0	0	0	0	0	0	0	0	1	0	0	0	0	55	0	0	0	0	0	0	0	0	0	0	0	0	0	0	0	0	0	1	3	0	0	145	0	0	0	0	0	0	0	0	54
Root745	0	0	0	0	0	0	0	0	0	0	0	0	0	0	0	0	0	0	0	0	0	0	0	0	0	0	0	0	0	0	0	0	0	0	0	0	0	0	0	0	0	0	0	0	0	0	0	0	0	0	0	0	0	0	0	0	0	0	0	0	0	0	0	0	0	0	0	0	0	0	0	0	0	0	0	0	0	0	0	0	0	0	0	0	0	0	0	0	0	74	0	0	0	0	0	0	0	0	0	0	0	0	0	0	0	0	0	0	0	0	0	31	0	0	0	0	0	0	0	0	30
Root535	0	0	0	0	0	0	0	0	0	0	0	0	0	0	0	0	0	0	0	0	0	0	0	0	0	0	0	0	0	0	0	0	0	0	0	0	0	0	0	0	0	0	0	0	0	0	0	0	0	0	0	0	0	0	0	0	0	0	0	0	0	0	0	0	0	0	0	0	0	0	0	0	0	0	0	0	0	0	0	0	0	0	0	0	0	0	0	0	0	1	0	0	0	0	0	0	0	0	0	0	0	0	0	0	0	0	0	0	0	0	0	6	0	0	0	0	0	0	0	0	1
Root700	0	0	0	0	0	0	0	0	0	0	0	0	0	0	0	0	0	0	0	0	0	0	0	0	0	0	0	0	0	0	0	0	0	0	0	0	0	0	0	0	0	0	0	0	0	0	0	0	0	0	0	0	0	0	0	0	0	0	0	0	0	0	0	0	0	0	0	0	0	0	0	0	0	0	0	0	0	0	0	0	0	0	0	0	0	0	0	0	0	0	0	0	0	0	1	0	0	0	0	0	0	0	0	1	0	0	0	0	0	0	0	0	0	0	0	0	0	0	0	0	0
