condition	rd_nm	PFD_RtoFR	PFD_R	PFD_FR	rp_nm	rpV	PPFD	PFD_B	PFD_G	PFD_R	PFD	PFD_UV	PFD_FR
NC	574	9.468	23.84	2.518	545	332.3	74.92	18.92	32.5	23.84	77.49	0.1568	2.518
NC	574	9.408	22.9	2.434	545	319.9	74.25	17.9	31.29	22.9	74.25	0.1484	2.434
NC	574	9.345	22.26	2.382	545	315.1	70.62	17.9	30.79	22.26	73.06	0.1485	2.382
NC	574	9.298	22.29	2.397	545	315.2	70.58	17.81	30.81	22.29	73.03	0.1439	2.397
NC	574	9.445	22.35	2.366	545	314.2	70.18	17.44	30.71	22.35	72.6	0.148	2.366
NC	573	9.519	22.08	2.32	545	317	70.1	17.44	30.89	22.08	72.47	0.14	2.32
NC	574	9.418	21.98	2.334	545	308.3	69.25	17.42	30.16	21.98	71.63	0.1385	2.334
NC	574	9.17	21.12	2.303	545	297.6	66.365	16.72	29.12	21.12	69	0.1338	2.303
NC	574	9.014	20.95	2.324	545	294.2	65.95	16.51	28.79	20.95	68.32	0.1327	2.324
NC	575	9.348	20.61	2.205	545	278.3	63.41	15.76	27.34	20.61	65.66	0.1252	2.205
NC	573	8.951	19.95	2.228	545	284.1	63.37	15.95	27.76	19.95	65.64	0.1219	2.228
NC	573	9.006	19.97	2.218	545	284.3	63.3	15.84	27.78	19.97	65.55	0.117	2.218
NC	574	9.348	20.04	2.143	545	282.8	63.14	15.78	27.61	20.04	65.33	0.1325	2.143
NC	574	9.24	19.84	2.147	545	276.6	62.19	15.55	27.08	19.84	64.37	0.1186	2.147
NC	575	9.107	19.88	2.183	545	272.1	61.76	15.47	26.69	19.88	63.98	0.1217	2.183
NC	574	9.548	19.69	2.062	545	278.8	61.66	15.03	27.22	19.69	63.77	0.124	2.062
NC	575	9.115	19.79	2.171	545	271.3	61.48	15.36	26.61	19.79	63.69	0.118	2.171
NC	574	9.25	19.77	2.138	545	273.3	61.46	15.2	26.76	19.77	63.63	0.1188	2.138
NC	574	9.391	19.18	2.042	545	267.1	59.76	14.7	26.15	19.18	61.84	0.1218	2.042
NC	574	9.061	18.62	2.055	545	259.6	58.11	14.36	25.4	18.62	60.2	0.1099	2.055
NC	575	9.222	18.82	2.041	545	256.2	58.09	14.41	25.13	18.82	60.17	0.1102	2.041
NC	575	9.1	18.51	2.034	545	253.7	57.31	14.19	24.88	18.51	59.38	0.1063	2.034
NC	574	9.398	18.33	1.951	545	254.3	56.78	13.81	24.89	18.33	58.77	0.113	1.951
NC	575	8.969	18.22	2.032	545	248.1	56.31	14	24.35	18.22	58.37	0.1048	2.032
NC	576	9.146	18.32	2.003	545	242.9	55.66	13.71	23.88	18.32	57.69	0.1066	2.003
NC	575	9.16	18.09	1.974	545	244.3	55.49	13.67	23.99	18.09	57.5	0.109	1.974
NC	575	9.207	18.08	1.963	545	244.5	55.43	13.61	23.99	18.08	57.43	0.1062	1.963
NC	575	9.286	17.8	1.916	545	242.7	54.78	13.45	23.79	17.8	56.73	0.1074	1.916
NC	575	9.22	17.65	1.914	545	240.8	54.35	13.36	23.58	17.65	56.29	0.0967	1.914
NC	575	9.146	17.48	1.911	545	240.5	54.33	13.53	23.56	17.48	56.27	0.1018	1.911
LP	575	9.201	11.28	1.226	545	154.7	35.05	8.756	15.18	11.28	36.3	0.0704	1.226
LP	575	9.112	10.77	1.182	545	145.4	32.85	7.946	14.28	10.77	34.05	0.0628	1.182
LP	575	9.364	10.39	1.11	545	142	32.01	7.83	13.94	10.39	33.15	0.0657	1.11
LP	575	9.169	10.21	1.113	545	136.9	31.03	7.523	13.44	10.21	32.16	0.0591	1.113
LP	575	9.332	10.06	1.078	545	136.7	30.9	7.561	13.42	10.06	32	0.0624	1.078
LP	575	9.361	9.98	1.066	545	134.5	30.45	7.39	13.22	9.98	31.54	0.0602	1.066
LP	574	9.255	9.729	1.051	545	134.3	30.34	7.597	13.15	9.729	31.41	0.061	1.051
LP	574	9.351	9.578	1.024	545	133.6	29.88	7.367	13.07	9.578	30.92	0.0601	1.024
LP	574	9.423	9.632	1.022	545	133.6	29.84	7.271	13.08	9.632	30.88	0.0573	1.022
LP	574	9.244	9.38	1.015	545	129.7	29.11	7.163	12.7	9.38	30.15	0.057	1.015
LP	573	8.964	8.917	0.9947	545	128.2	28.3	6.995	12.51	8.917	29.31	0.055	0.9947
LP	574	9.167	9.017	0.9837	545	125.7	28.22	7.018	12.31	9.017	29.22	0.06	0.9837
LP	573	9.095	8.622	0.948	545	124.6	27.49	6.842	12.15	8.622	28.46	0.055	0.948
LP	573	9.046	8.536	0.9436	545	123.2	27.26	6.82	12.02	8.536	28.22	0.0543	0.9436
LP	575	9.269	8.808	0.9503	545	120.2	27.11	6.638	11.79	8.808	28.08	0.0568	0.9503
LP	573	8.998	8.397	0.9332	545	121.9	26.89	6.73	11.88	8.397	27.84	0.0545	0.9332
LP	574	9.278	8.672	0.9347	545	119.5	26.81	6.556	11.71	8.672	27.77	0.0557	0.9347
LP	575	9.132	8.675	0.9499	545	118	26.69	6.562	11.58	8.675	27.66	0.0535	0.9499
LP	575	9.074	8.667	0.9552	545	117.5	26.57	6.49	11.53	8.667	27.54	0.0538	0.9552
LP	575	9.155	8.587	0.9379	545	115	26.11	6.344	11.3	8.587	27.06	0.0515	0.9379
LP	575	9.25	8.502	0.9191	545	114.6	25.94	6.304	11.26	8.502	26.88	0.0506	0.9191
LP	576	9.092	8.485	0.9332	545	112.7	25.7	6.251	11.08	8.485	26.65	0.0502	0.9332
LP	573	8.975	7.976	0.8887	545	116.1	25.57	6.405	11.31	7.976	26.48	0.0526	0.8887
LP	573	8.911	8.054	0.9038	545	115.6	25.53	6.309	11.28	8.054	26.45	0.0502	0.9038
LP	573	8.97	8.064	0.899	545	115.9	25.52	6.266	11.31	8.064	26.44	0.0491	0.899
LP	573	8.865	8.06	0.9092	545	115.5	25.38	6.171	11.26	8.06	26.3	0.0454	0.9092
LP	575	9.196	8.31	0.9036	545	111.5	25.37	6.224	10.95	8.31	26.29	0.0489	0.9036
LP	573	8.89	7.966	0.896	545	114.7	25.33	6.279	11.2	7.966	26.24	0.0475	0.896
LP	575	9.141	8.243	0.9018	545	111.6	25.28	6.19	10.96	8.243	26.2	0.0515	0.9018
LP	574	8.996	7.923	0.8807	545	112.2	24.88	6.112	10.96	7.923	25.78	0.0491	0.8807