lab	leaf length	petiole length	y
NC	3.367	2.670	0.792990793
NC	3.569	2.756	0.772205099
NC	3.698	2.080	0.562466198
NC	4.131	3.634	0.879690148
NC	4.485	4.623	1.030769231
NC	4.750	5.048	1.062736842
NC	4.762	3.419	0.71797564
NC	4.790	6.410	1.338204593
NC	4.835	3.077	0.636401241
NC	4.872	3.343	0.686165846
NC	4.872	4.103	0.842159278
NC	5.409	5.336	0.986503975
NC	5.439	5.693	1.046699761
NC	5.523	5.307	0.96089082
NC	5.647	5.192	0.919426244
NC	5.734	3.671	0.640216254
NC	5.785	5.451	0.942264477
NC	5.802	4.117	0.709582902
NC	5.822	4.650	0.798694607
NC	5.847	6.159	1.053360698
NC	6.163	7.645	1.240467305
NC	6.175	4.013	0.649878543
NC	6.239	5.847	0.937169418
NC	6.304	7.317	1.160691624
NC	6.348	3.284	0.517328292
NC	6.410	5.535	0.86349454
NC	6.410	6.592	1.028393136
NC	6.537	7.334	1.121921371
NC	6.572	4.728	0.719415703
NC	6.652	5.762	0.866205652
NC	6.667	5.600	0.839958002
NC	6.672	5.986	0.897182254
NC	6.717	8.234	1.225844871
NC	6.734	7.244	1.075735076
NC	6.786	6.923	1.020188624
NC	6.899	5.439	0.788375127
NC	6.923	4.615	0.666618518
NC	6.966	6.572	0.943439564
NC	6.975	4.714	0.675842294
NC	7.110	3.846	0.54092827
NC	7.188	4.978	0.692543127
NC	7.239	6.552	0.905097389
NC	7.529	5.082	0.674990039
NC	7.591	6.880	0.906336451
NC	7.611	3.450	0.453291289
NC	7.611	5.734	0.753383261
NC	7.649	6.415	0.838671722
NC	7.649	5.600	0.732121846
NC	8.027	5.280	0.657779993
NC	8.149	7.383	0.906000736
NC	8.155	4.750	0.582464746
NC	8.205	4.952	0.60353443
NC	8.219	5.980	0.727582431
NC	8.219	6.734	0.819321085
NC	8.257	5.624	0.681119051
NC	8.489	4.536	0.534338556
NC	8.570	7.489	0.87386231
NC	8.722	5.128	0.587938546
NC	8.771	7.899	0.900581462
NC	8.771	8.051	0.917911299
NC	8.778	5.641	0.642629301
NC	8.889	7.048	0.792890089
NC	9.105	8.600	0.944535969
NC	9.291	6.975	0.75072651
NC	9.291	4.728	0.508879561
NC	9.323	7.152	0.767135042
NC	9.333	7.899	0.846351655
NC	9.515	5.109	0.536941671
NC	9.529	8.257	0.866512751
NC	9.601	6.617	0.689199042
NC	9.635	5.629	0.584224183
NC	9.790	5.659	0.578038815
NC	9.864	7.124	0.722222222
NC	9.957	5.487	0.551069599
NC	10.000	6.079	0.6079
NC	10.082	6.789	0.673378298
NC	10.269	7.221	0.703184341
NC	10.809	8.145	0.753538718
NC	11.052	7.506	0.679153094
NCM	4.536	5.09	1.122134039
NCM	5.336	4.952	0.928035982
NCM	6.552	6.369	0.972069597
NCM	6.923	5.391	0.778708652
NCM	7.184	7.436	1.035077951
NCM	7.383	4.952	0.670730056
NCM	7.684	6.196	0.806350859
NCM	7.798	4.229	0.542318543
NCM	7.798	6.369	0.816747884
NCM	7.798	6.369	0.816747884
NCM	7.828	8.619	1.101047522
NCM	7.845	6.73	0.857871256
NCM	7.986	6.165	0.771975958
NCM	7.986	6.999	0.876408715
NCM	8.011	8.523	1.063912121
NCM	8.181	7.073	0.864564234
NCM	8.257	6.035	0.730894998
NCM	8.399	7.454	0.887486606
NCM	8.458	7.4	0.874911327
NCM	8.465	7.454	0.880567041
NCM	8.523	6.657	0.781063006
NCM	8.619	7.541	0.874927486
NCM	8.676	6.567	0.756915629
NCM	8.763	10	1.141161703
NCM	8.901	7.436	0.835411751
NCM	8.956	9.018	1.006922733
NCM	8.956	8.108	0.905314873
NCM	9.018	6.904	0.765579951
NCM	9.087	8.193	0.901617696
NCM	9.094	6.667	0.733120739
NCM	9.333	6.711	0.719061395
NCM	9.333	10.052	1.077038466
NCM	9.487	7.697	0.811320755
NCM	9.625	7.798	0.810181818
NCM	9.638	6.207	0.644013281
NCM	9.814	6.686	0.681271653
NCM	10	7.786	0.7786
NCM	10.03	10.263	1.023230309
NCM	10.144	9.131	0.900138013
NCM	10.208	9.706	0.950822884
NCM	10.256	7.436	0.725039002
NCM	10.336	6.537	0.63244969
NCM	10.39	5.505	0.529836381
NCM	10.463	7.383	0.705629361
NCM	10.466	8.285	0.791610931
NCM	10.513	8.462	0.804908209
NCM	10.522	7.572	0.71963505
NCM	10.711	8.177	0.763420782
NCM	10.739	6.41	0.596889841
NCM	10.879	6.686	0.614578546
NCM	11.073	10.03	0.905806918
NCM	11.073	7.815	0.705770794
NCM	11.132	9.291	0.834620913
NCM	11.215	7.961	0.709852876
NCM	11.238	8.93	0.794625378
NCM	11.308	10.208	0.902723735
NCM	11.329	8.596	0.758760703
NCM	11.663	8.616	0.738746463
NCM	11.82	8.496	0.718781726
NCM	12.163	8.108	0.666611856
NCM	12.233	10.818	0.884329273
NCM	12.374	9.539	0.770890577
NCM	12.504	8.031	0.642274472
NCM	13.097	8.956	0.683820722
NCM	14.441	7.692	0.532650093
NCM	7.986	9.814	1.228900576
LP	1.953	3.786	1.938556068
LP	2.142	6.382	2.97945845
LP	2.364	4.359	1.843908629
LP	2.417	4.287	1.773686388
LP	2.433	5.135	2.110563091
LP	2.541	3.507	1.380165289
LP	2.726	4.426	1.623624358
LP	2.756	4.6	1.669085631
LP	2.804	5.062	1.805278174
LP	2.821	4.103	1.454448777
LP	2.83	3.393	1.198939929
LP	3.143	4.75	1.511294941
LP	3.284	3.989	1.214677223
LP	3.333	7.342	2.202820282
LP	3.333	2.433	0.729972997
LP	3.45	6.175	1.789855072
LP	3.52	7.212	2.048863636
LP	3.765	4.814	1.278618858
LP	3.784	3.765	0.994978858
LP	3.796	6.287	1.656217071
LP	3.857	6.346	1.645320197
LP	3.898	9.494	2.435608004
LP	4.103	5.128	1.249817207
LP	4.103	5.1	1.242992932
LP	4.142	6.813	1.644857557
LP	4.149	5.166	1.245119306
LP	4.174	5.624	1.347388596
LP	4.298	6.552	1.524429967
LP	4.312	6.7	1.55380334
LP	4.412	5.969	1.352901179
LP	4.444	6.498	1.46219622
LP	4.478	7.184	1.604287628
LP	4.516	3.058	0.677147919
LP	4.587	9.487	2.06823632
LP	4.587	10.541	2.298016133
LP	4.603	6.578	1.429067999
LP	4.623	6.348	1.373134328
LP	4.77	5.92	1.241090147
LP	4.79	5.286	1.103549061
LP	4.817	5.814	1.206975296
LP	4.899	6.966	1.421922841
LP	5.057	6.774	1.339529365
LP	5.082	7.182	1.41322314
LP	5.128	6.667	1.300117005
LP	5.168	7.157	1.384868421
LP	5.192	7.866	1.515023112
LP	5.286	6.472	1.22436625
LP	5.354	9.263	1.73010833
LP	5.409	7.961	1.471806249
LP	5.433	4.79	0.881649181
LP	5.47	7.43	1.358318099
LP	5.523	9.898	1.792141952
LP	5.547	6.711	1.209843158
LP	5.624	10.809	1.921941679
LP	5.644	8.209	1.454464918
LP	5.762	6.667	1.15706352
LP	6.051	8.901	1.470996529
LP	6.154	8.08	1.312967176
LP	6.175	8.205	1.328744939
LP	6.285	8.159	1.298170247
LP	6.362	6.734	1.058472179
LP	6.431	10.591	1.646866739
LP	6.567	8.161	1.242728795
LP	6.603	6.505	0.985158261
LP	8.221	11.308	1.375501764
LP	8.383	8.971	1.070141954
LP	9.501	9.542	1.004315335
LPM	1.993	3.152	1.581535374
LPM	2.189	3.524	1.609867519
LPM	2.489	4.222	1.69626356
LPM	2.659	4.358	1.638962016
LPM	2.703	2.57	0.950795413
LPM	2.756	4.159	1.509071118
LPM	2.819	4.287	1.52075204
LPM	3.024	3.406	1.126322751
LPM	3.143	5.131	1.632516704
LPM	3.243	5.705	1.759173605
LPM	3.461	6.916	1.998266397
LPM	4.023	8.811	2.1901566
LPM	4.106	5.971	1.454213346
LPM	4.191	4.358	1.039847292
LPM	4.222	4.513	1.06892468
LPM	4.358	5.607	1.286599358
LPM	4.458	6.382	1.43158367
LPM	4.474	7.303	1.632320072
LPM	4.544	6.774	1.490757042
LPM	4.587	6.734	1.468061914
LPM	4.716	6.702	1.421119593
LPM	4.768	6.346	1.330956376
LPM	4.826	7.467	1.547244094
LPM	5.028	6.163	1.225735879
LPM	5.028	5.266	1.047334924
LPM	5.21	6.983	1.340307102
LPM	5.454	7.639	1.400623396
LPM	5.473	8.383	1.531701078
LPM	5.505	4.714	0.856312443
LPM	5.536	6.175	1.115426301
LPM	5.607	7.57	1.350098092
LPM	5.644	6.128	1.085754784
LPM	5.682	6.552	1.1531151
LPM	5.734	9.898	1.726194629
LPM	5.812	8.251	1.419649002
LPM	5.847	7.624	1.303916538
LPM	5.934	7.88	1.327940681
LPM	6.012	6.532	1.086493679
LPM	6.095	7.828	1.284331419
LPM	6.109	9.332	1.527582256
LPM	6.154	7.785	1.265030874
LPM	6.175	10.285	1.665587045
LPM	6.276	7.188	1.145315488
LPM	6.657	8.458	1.270542286
LPM	6.904	12.692	1.838354577
LPM	6.975	12.666	1.815913978
LPM	7.041	9.542	1.355205227
LPM	7.23	10.091	1.39571231
LPM	7.523	10.94	1.454207098
LPM	7.684	8.842	1.150702759
LPM	7.694	8.608	1.118793865
LPM	7.697	11.564	1.502403534
LPM	7.752	10.32	1.33126935
LPM	7.899	10.821	1.369920243
LPM	7.92	11.82	1.492424242
LPM	7.965	10.075	1.264908977
LPM	7.981	10.627	1.331537401
LPM	8.051	10.665	1.324680164
LPM	8.209	10.349	1.260689487
LPM	8.305	11.629	1.400240819
LPM	8.57	12.35	1.441073512
LPM	10.323	16.462	1.594691466
LPM	10.336	12.874	1.245549536
LPM	10.56	13.727	1.299905303
LPM	11.355	13.343	1.175077059
LPM	12.575	15.18	1.207157058
LPM	12.658	14.007	1.106572918
LPM	12.668	13.074	1.032049258
LPM	13.1	15.059	1.149541985
FR	1.026	2.577	2.511695906
FR	1.381	5.409	3.916727009
FR	1.72	3.644	2.118604651
FR	1.795	4.359	2.428412256
FR	1.813	3.45	1.902923331
FR	1.813	2.924	1.61279647
FR	1.849	3.812	2.061654949
FR	2.003	4.879	2.435846231
FR	2.003	7.615	3.801797304
FR	2.051	4.298	2.09556314
FR	2.051	3.922	1.912237933
FR	2.067	5.624	2.720851476
FR	2.067	3.571	1.727624577
FR	2.191	6.552	2.990415335
FR	2.191	5.6	2.555910543
FR	2.191	4.244	1.937015062
FR	2.206	7.611	3.450135993
FR	2.206	6.369	2.88712602
FR	2.293	3.922	1.710423027
FR	2.364	7.041	2.978426396
FR	2.419	6.652	2.749896652
FR	2.419	7.798	3.223646135
FR	2.419	5.813	2.403059115
FR	2.677	4.565	1.70526709
FR	2.762	5.354	1.938450398
FR	2.774	7.143	2.574981975
FR	2.821	5.986	2.121942574
FR	2.832	6.711	2.36970339
FR	2.832	6.431	2.270833333
FR	2.867	7.752	2.703871643
FR	2.867	7.798	2.719916289
FR	2.901	7.129	2.457428473
FR	2.924	7.347	2.512653899
FR	2.924	6.552	2.240766074
FR	2.924	6.73	2.301641587
FR	2.924	8.974	3.069083447
FR	3.088	7.261	2.351360104
FR	3.098	7.572	2.444157521
FR	3.098	7.476	2.413169787
FR	3.098	4.382	1.414460943
FR	3.119	4.382	1.40493748
FR	3.119	7.709	2.471625521
FR	3.13	8.886	2.838977636
FR	3.213	9.174	2.855275444
FR	3.213	7.184	2.235916589
FR	3.243	5.336	1.645390071
FR	3.243	8.676	2.675300648
FR	3.243	7.961	2.454825779
FR	3.243	6.26	1.93031144
FR	3.264	8.011	2.45435049
FR	3.284	8.771	2.670828258
FR	3.333	8.241	2.472547255
FR	3.333	7.041	2.112511251
FR	3.343	5.903	1.76577924
FR	3.421	5.433	1.588132125
FR	3.45	11.273	3.267536232
FR	3.45	7.129	2.066376812
FR	3.488	8.269	2.370699541
FR	3.488	6.813	1.953268349
FR	3.488	6.431	1.84375
FR	3.488	5.439	1.55934633
FR	3.562	8.596	2.413250983
FR	3.571	8.978	2.514141697
FR	3.571	7.221	2.022122655
FR	3.571	6.617	1.852982358
FR	3.571	6.41	1.795015402
FR	3.59	10.285	2.864902507
FR	3.599	10.144	2.818560711
FR	3.626	6.343	1.749310535
FR	3.786	3.906	1.031695721
FR	3.846	8.523	2.216068643
FR	3.88	7.961	2.051804124
FR	3.914	9.333	2.384517118
FR	3.914	6.572	1.679100664
FR	3.922	6.537	1.666751657
FR	3.922	9.007	2.296532381
FR	3.922	8.372	2.134625191
FR	4.679	7.798	1.666595426
FR	4.728	11.285	2.386844332
FR	4.77	9.518	1.995387841
FR	4.77	11.046	2.31572327
FR	4.818	10.46	2.171025322
FR	4.865	11.132	2.288180884
FR	4.879	9.542	1.955728633
FR	6.369	11.604	1.821950071
FR	6.415	13.83	2.155884645
FR	6.904	11.011	1.594872538
FR	7.225	11.241	1.555847751
FRM	2.102	2.985	1.420076118
FRM	2.206	4.714	2.136899365
FRM	2.293	5.336	2.327082425
FRM	2.419	5.903	2.440264572
FRM	2.525	6.035	2.39009901
FRM	2.735	6.343	2.319195612
FRM	2.8	5.214	1.862142857
FRM	2.846	2.676	0.940267041
FRM	2.892	7.009	2.423582296
FRM	2.917	5.621	1.926979774
FRM	2.924	3.914	1.338577291
FRM	3.001	4.77	1.589470177
FRM	3.06	5.835	1.906862745
FRM	3.077	6.188	2.011049724
FRM	3.077	5.734	1.863503412
FRM	3.217	8.547	2.656823127
FRM	3.343	7.593	2.271313192
FRM	3.373	7.041	2.087459235
FRM	3.44	8.606	2.501744186
FRM	3.471	7.968	2.295592048
FRM	3.488	3.981	1.141341743
FRM	3.546	9.703	2.736322617
FRM	3.562	6.876	1.930376193
FRM	3.562	11.942	3.352610893
FRM	3.571	3.626	1.015401848
FRM	3.59	5.186	1.444568245
FRM	3.606	6.739	1.868829728
FRM	3.675	5.843	1.589931973
FRM	3.698	7.334	1.983234181
FRM	3.724	9.086	2.439849624
FRM	3.794	7.074	1.864522931
FRM	3.846	6.686	1.738429537
FRM	3.846	7.436	1.933437337
FRM	3.865	8.465	2.190168176
FRM	3.865	6.292	1.627943079
FRM	3.906	8.458	2.165386585
FRM	3.922	5.641	1.438296787
FRM	3.94	15.138	3.84213198
FRM	3.959	11.534	2.91336196
FRM	4.023	7.984	1.984588615
FRM	4.032	8.465	2.099454365
FRM	4.117	8.051	1.955550158
FRM	4.135	8.501	2.055864571
FRM	4.174	6.095	1.460229995
FRM	4.174	7.798	1.868231912
FRM	4.192	12.912	3.080152672
FRM	4.192	12.407	2.959685115
FRM	4.223	5.693	1.348093772
FRM	4.251	9.762	2.296400847
FRM	4.302	6.711	1.559972106
FRM	4.358	6.012	1.379531895
FRM	4.358	8.501	1.950665443
FRM	4.367	10.274	2.352644836
FRM	4.411	6.904	1.565177964
FRM	4.544	7.697	1.693882042
FRM	4.581	11.522	2.51517136
FRM	4.61	7.358	1.596095445
FRM	4.615	8.465	1.834236186
FRM	4.615	7.198	1.559696641
FRM	4.648	10.433	2.244621343
FRM	4.679	9.073	1.939089549
FRM	4.714	5.391	1.143614765
FRM	4.728	9.666	2.044416244
FRM	4.778	8.096	1.694432817
FRM	4.835	9.809	2.028748707
FRM	4.86	8.768	1.804115226
FRM	4.865	10.656	2.190339157
FRM	4.884	9.762	1.998771499
FRM	4.908	10.618	2.163406683
FRM	4.932	7.692	1.559610706
FRM	4.94	12.122	2.453846154
FRM	5.02	10.639	2.119322709
FRM	5.057	9.333	1.845560609
FRM	5.074	7.557	1.489357509
FRM	5.086	9.744	1.915847424
FRM	5.086	7.611	1.496460873
FRM	5.128	7.991	1.558307332
FRM	5.146	8.465	1.644966965
FRM	5.154	7.593	1.47322468
FRM	5.16	8.348	1.617829457
FRM	5.192	1.244	0.239599384
FRM	5.192	7.649	1.473228043
FRM	5.214	11.056	2.120444956
FRM	5.216	13.95	2.67446319
FRM	5.22	12.155	2.328544061
FRM	5.22	12.191	2.335440613
FRM	5.225	4.775	0.913875598
FRM	5.272	12.97	2.46016692
FRM	5.286	8.348	1.579265986
FRM	5.365	16.207	3.020876048
FRM	5.481	9.904	1.806969531
FRM	5.56	9.673	1.739748201
FRM	6.348	10.247	1.6142092
FRM	6.41	9.818	1.531669267
FRM	6.523	10.402	1.594665031
FRM	6.527	8.71	1.334456871
FRM	6.527	14.161	2.169603187
FRM	6.603	9.672	1.464788732
FRM	6.657	15.252	2.291122127
FRM	6.693	12.308	1.838936202
FRM	6.761	11.438	1.691761574
FRM	6.817	17.49	2.565644712
FRM	6.827	7.899	1.157023583
FRM	6.876	10.429	1.51672484
FRM	6.942	16.382	2.359838663
FRM	7.071	15.164	2.144534012
FRM	7.082	14.641	2.067353855
FRM	7.092	11.355	1.601099831
FRM	7.095	10.626	1.497674419
FRM	7.119	15.353	2.156623121
FRM	7.193	12.024	1.671625191
FRM	7.259	14.664	2.020112963
FRM	7.265	14.082	1.93833448
FRM	7.35	16.78	2.282993197
FRM	7.375	17.3	2.345762712
FRM	7.396	15.385	2.080178475
FRM	9.295	19.724	2.122001076
FRM	9.487	20.514	2.162327395
FRM	11.609	17.973	1.548195366
FRM	12.095	17.949	1.484001654
